0111010001110000010111010110011100010100110000000110000001110010
1101111110011111111011100011101011101110110010000101101101100010
0101001110101010100111000000001011000101111000000000010111101100
0111000111010100100000000101000011001111010100101100010101000011
1011010001011000011111000000011000001000110001100100100100100110
1101011100000110010011011110110010000011000011011101101111110010
1110111011000101000101100011001001000111101000000100001100101100
1010100010000110000110010010010000011101100110110000100100001010
1101001111010101101101100001111010000110110010100101010001101001
1110111011000110110110000100101110001110001001100001011100011101
1000100101110111111101110101001001010111100000011011011101001101
1111001100001100111101100101110011111111101110101111101000110110
0111110000101011010110011011111011011011000010001000000000100010
1001100011000011010101000100001111001100110010101010101111101111
1110001101111100110001111001111111000010010000000010000110100100
1100110001110010001100100010110001010101011010011001101110001011
1110110000101001110111111001011001110010010110100100010101010011
0100000000010001010010000010000010000111010001001010010111110111
0000010111001001100111111000001100000011101000001000001110010001
0001011011011011001111001001011000010101001100010101001110010110
1011111111000100011100001110010111110011110111010101000101000100
1111010111001100110010111110110000011011111011011111110110011001
1001100111111011100110100010100010010100110100011000010101010010
1010101010000101100110110001000101101110000000000000010000100000
1011000000100000011101011001000000001001100100001010101010101110
1011101101011010101011111011000100111111110011101100101100101111
1011001100100001010011001010110000010101001011011011001011011010
1011101110101100101111101101100110001010101111010101100101010101
1000000000001101000000010000010000001010011110011010100101010101
1011100010000101011100100110011101011011010100111100101011010000
1000011100101111001011101100101001111010101000111101100000010000
0000001110000100100110101100110010101101101010010010101100101000
0101011010111011010111001111011010101010000000101010100111100010
1001001111101001110011111011110011111011101110101111100100001000
0101000001010000110101011101101000101100010011101010101010100011
0010111110111100110001100101000100001001011001100101001110110000
0000000001111001000000110000000010110010111100110100110110111000
1001010001100101010101010110110011001001101011101010100010111011
0010101101010000100000100010010100110001000010101101001001010111
0110001101010011011101000011110101100111001111010011011111111000
1011100101011010000100101000010110011000100100101000110010001010
1001000000101111011000100011110010110010101001010010010111011011
0101101011101010111111111101111110111100101110101010101010100110
1001101110011110100001110010010101011110001000010001000100010101
0000100011111101101100111011001110010011011101001001000101011001
1101101101110110000110100101111000000001011010011101011110101011
0101110010001110011110000011010001100100101011111111110110010110
0101111111110100000010001001000110101000101000100000101001010101
1010100110100101101001101010111011101110111000111001100110110110
0001100110011110100100001110101000000101011110100101000101010111
0011001111001111011110110011000010101001001000110011010011010010
1110001111111010101111001011100001111011000100000111000110000110
0111101000001000001000010000100000100000000000000000000011101000
1000011000011000000100011000001000001000101000011011101011101101
0001010101000110010000010011010101010010000010100101010101001010
1100010010110100001011110010001010101000010011010100111101111111
1011111101110011101101101001011101011111011111010000111111000001
1001100100100010101000101010011010101010101001010101000101000110
1010101010101000010110100000011111101101110000100110010101111010
1010100111001000011110100101100100111100110001001110101111110100
1111010100011011110001011001101001101110010011110011111110110110
0100110101100000100001100100011111110001100001110001000011101001
0000000000010000100011011101110111001110111011100000011110111011
1111100011100010001110000011111001000110001111111010001111101100
0100000100010010111100010101101010110100110001111111110010100111
1110110000010110100000100011101110000101100110111101101110010010
1101000000110011010011101100101100110111101101010111101010110100
1110010011000001010000001010100111110100100001010110111010111010
1110101011100000010110010100001111001010110010100100101001001010
0100100110111011110110101000101000101110101100101011111101100000
1111011000110011001100101010101010101010111111000011111011111000
0111000111000001010001000100010000010111010010110100010001011110
1001001110110010001011101000100101111011101100011110010001001101
1111010110000111010001010001010000100000011111000001110000010001
0000010010100110101001000001110111010110111101101011110011111111
1111111011101011101110111111111000011100001011001100010010000011
1111000110100101101101010101010111011010101101101100101100000100
0110100100110000011101111100011011001001111000111110011001111001
0100010000010110111001101100000000100110010111011101010001011000
0111010101010101010000010100110111010110001011111011101111100010
1010100001011000101101110010010110101110011010010101010110110100
0111110100001111111001011000110000011001011111001110011110000011
1101001111101001100110111001111001111100110001111111011000110000
1110101010101010101101100111001000111100101010101110111011001101
0011100110100011111100010101011000101101000110110000010100001011
1001010000000110000101000010011101000010011111000001000110001011
1000111011101001001001010010000010101011111011000010110100101100
1101010011011100000101010101100100010010011110010001000100010001
1000010000101000100000100001011010001000101001111001111011111010
1110111011011011111100001010101110001101001101011011100001111010
1001111111001000001111101000001001110000011110011101101110001110
1111000010111100001111001011111011011011111000011101011101100010
1001100010011110010101100101111010011010110101101100101101001011
1001101111011011110111011100111111110000110100000001111101110100
1001110000101110101000111000111011011011011111011111100101010100
1110110010010100110100010011110010111101100011100110100101100011
1110010001000101011111010100110111011100111000111110001111001111
1110101101110101001010101101101101111011111001011001100101000101
0001111010111011101010100100101000101000110100111000000110111011
1010110100101011011000111110110101000001010010010010011011011101
1100110011001100110011111111001111110100110011110000101111000110
0010110111101011110110110011010110100100100100011101100001001111
0001011011101111001001000110111011101010010000010001010000100010
0111111100001001110110001001111110010111010101110110100101110011
0111110100111000011001000101001000111000101010101001000101010001
1001101001111000011100101010110011000111111111101111111111100011
0101111101111101111110001110010011110101000100000010010000001010
1010010100010111110001011101001010001101010100101101101001001001
0110001111010110010100000010010000100000111100101101101101111110
1110011011111011011111011110111000111111000000000010100010010001
0000100000100110101001011001011000110000100010100000001001011110
1100010110000010001010001010101100111100000011011011111001101111
0111011101001000001010101010101010100110011011110100110110101010
1010001110001010111001110101111100100011110011010011100000000000
0000000111100111101111010001011100110001100100001010000011111011
0001101101100111110001000101101011000001011111010110010101110111
1011100010111010001111111000001000001110100000100010000010000100
1010001110010001001011001010001010101001010001001100010010000001
0100101101001000110100111010101111001101101111101010111010111010
1100101000110111001010110001100101001010010010110100101101100110
0111001111100010011101111101110101111101111101111101111111101110
1111000111101000001110010001100000100011100101001111100000100000
1010010111110010011001011100100100100001001000001101111100100010
0011110100110101011111101011001010010001000100011101000001010101
0101011101011101111010101001101010110001011111011000101000101000
1010001010001010001010001010100110101000000001101010100111101000
0101110110110010000001111011110111110101110000110101101111001010
0001011011100100111011001000111000101111111111111101010101010101
0101010100010111011100001110110010011000110110010100111110001000
1000001011111101101111001011101110101010010010010000100101010010
1010010100110100111000110000011010000010010100110100110111111111
0111011111011111110010001100101110111110110100101010011010101010
1000101110101000000010001000010001001101000100100110110110011110
0010110011010010011001010101011001011001011000111001111111110010
1111100101110110110100001110110101101011010000101111011001111010
1101100111100110011000011010000100000110111010000100100111100100
0111100100111001101110111100010010101011101101000111101001101111
1011000010010110111010011000011011101001110010001011001011011100
1100110000110110010011100010110011011010100000110110000101101101
1001010000001000000001000100100111100100111010110111100111100101
1010011100111111001100010111011111111010111111111101111011111001
1101100010101111101010010101101000101101100110011111101110101001
1100001110100011011100101100000000000100011000110011001100000000
1010101011101010101000101000101100011010000001111010000111101101
1101111100111111111010001100110011110111101110111001111010111011
1011001000101010110111000100001100110110110011001100011100000101
0101010101010101010100001111001101010011110110010101010101010101
1101110101110100100100100111011101101101000101011110010100110110
1100101100101010100110011101001101101000100110101110101010011101
1011111010101010011011111010011111111101111010010010101010111001
1011100110110100110111101101100110101111011111101000100111111000
0000000111000101000010011010001100100011000010100001001101110100
1101111111101101010110101010110111101110111011101000011111010110
1111011111111101111011011011001000110101111111010000111111100011
0110100001101010011001111001101000010010110100101010000011011110
0100000010001101010111100010001100011001110111010001100000101110
1011101011010001000010100010100000101010101010111110100100101011
0010011010111101101011110111101101010110001011101001100101101111
0101011111010111100010100010100100101000100100000011101011100001
0100000100011000011101100110001110000101000111101100011101000001
1101000000001011011101010010100010011001100010110100100010110010
0111011001010011111010011110110000001001010100000100000011111101
0000101001101101000100010101001010110101110111011100011010000111
1110110001011111111001111000100010000001101101110100100001111111
0010100000000101111001011001100000010011000101110110010111110000
0100100110010010010100000010011000111000101101001011110010100010
1000101100101110100000001011111111111100101011010010011001100111
0111011100101100100001100000110110111110101110100000101100000101
0000011101111111010100010100011101011100101100100001101010100010
0010011101111001000001010100010100111001010101110101111111011110
1011001100110010111010001010010000000111011000010101010111010000
0110101111101101101101110010000100100001000100101101010011000000
1110001100111011101110011110000001001101001101100100110111011110
0011000100000110100110000010101100111001001101010101111000011011
0101101110101110101110101110101110000010101111100111101100111110
1110010100000011010101111010100101010010101100101101101011101100
1011101010110011000010011000000000001000001101011110111000111101
1100111000001111100110001010111111001011001000111111001000011110
0101101110110010010011001010001010101000110011101111111001110001
1001000110011000111100010001101011100110111010010000100100100100
1001000101101101100101110110011000011000111101110100111101111100
1010100110111101010111110101000101010101000000111111000101001101
1001110111110001000010000111001010000100110011111001101101101000
0100100100100001100100100000111100001000000000010000110111001000
0101000011100011110111001010010010101101101000111101101110101100
0100110011010011010110111011101100011111100110101001101011010011
0011111010010001100110101110001000000001000011011000000101000011
0101000111000101010110110001111000001001111101100101011010000011
0110110011110011111101101011011111001101011100110101011011010001
0001000001111101011000010100111100110010011001011010011010011011
1110101110010011001000111111010100010001010101000110000100001101
1100001000000000011000001100011100001010011101111111110110001111
1001010011110111000000100011001111001101111111011101011101001010
1001111101111110011111111011110111001011001100100101010101011101
0001001001000111010101001011010100000101000011000101011001111001
0001010100000111111000100000100000010100110010111101101101101100
1101011011101000111011001110101101000110111110111110011101111011
1111011101011111101011111110101011011101010000010101100011101011
1000110011111011010000110000101110110000001100001110111101000101
0110110011111010100011101100100110001010001010010101000101100010
0000010111010100111101011101010111010101110101010000111011111000
0011101010101110111001111010010101011010101000101000110101010110
0110100001010010101111011000100010101100100010011001100010011001
0010010100110010110011010011111010110101010101110010101100100111
0001100100010100010110010001000110010001000001010001010110111110
1110111010111111100011111011100110110110111101101111001010010100
1000010001010000000000000010000000000000011010111000000100001100
0100000000010110110111100000100010101110010001000011100000000011
1001010000011100101000101001011010101000100111110010110010111011
0101101010101111111010111010100011011011000101101110111011011101
1001000101101101011101110100110010001111001000001001010001100000
1001000100011001111111110001111011111011111110100111101010110010
1100101100101110101010001101001010011011101110111011101111111011
1110111111011101110111100010100101011110010111011010011001010101
1001010101100010111011111111111100000011111111001000000000010110
0011001001101111101000000100010000000001000010001111110001001010
1010101010100110111110100100101000101000101000101001101000101000
1010000001110001110010110000011111011001100010101111101100111111
0010111100110100110100000101001110000100000110111011011011101101
0101011101000101011101010011010011100110110101001100110011000100
0111011100111001000100001011110100101010100011100110100111111110
0110110100010110100011111011101011101010111100101100111000111001
1100010111000100001010101011001010110010001100111000100010101110
1101010100001000001100000010111110101001011010100000110001011100
0010110000000110101010001111001010101010100011101111110001110010
0011111110101111011011100011100110111011101110010001111100011001
1001011110110111100001011110000110111010011111011011010001110101
1110111110111100011110010111101011011100101010001100111111000111
0101110110101010110010001010011001000011111111111110111100110111
0011001100011111100000011111110111111111011011001101100100111010
1001110011001101110100000011011101001101110111101100111010001100
0001110000110011001001001111110111100010010100010000010000010000
0100000001011111100110000010010000000100000001100011110110000011
0011101000000010001011010111100111000101010101000010101111010110
1101101001011000000001000100101001110100111100001101001011011111
0010110000000000001100000000010010101011100011010001110010000111
1010101100110100100010111101100110100111001101000111110110111110
1011010011010011010000001101011101111110101111111111101111000101
1100001011100110011100011001110111010000111011110001101001110111
1101010101010000111011010011010011000101100100101111010100110111
0110011011101110000110000010010000001110001100001011011011100010
0010110110101110100110101100101010110010110011001010101001110001
0010110011010011110010001100110001111101110001001111111101100101
0101111010110110010110001010010100010101100101011101010010110010
1101101110101001010110100100011100010000111001101000001000101011
1100111100101010000011001011111010101010101010101010101010101011
1011001010101101100000000110010010010011101011011101001110101110
0101100101100101110101010001101001101010011010011010011100011100
0111000111010011111000100001000110011001100101010000001011000111
0001010011010010010110101010010001101001101101000011101001110101
1111010000100101001100000101010101011010101111111111110000000100
0100011010000111101101111111011101110111110111011101011111010101
0101111010011111000100010000000100000001001111001011001100100100
1111111011110001011101111101110011011001110001100001100100111110
0101100101011111110001100001010000010011111000000000000100000111
1101000110101000001011111011101001001001000011011011011111011110
1100000001000101111111001111111101111110000001001110011101000011
1101110111000100110000111111010101110000101000001001110011000100
0101010001010010001000110001001100100000010001001010100101001001
0110100011010011011011011001110111011111100011100110111000111100
0001110000001010110101011101110000010100101011010101110010111011
0011110100101011100110010101010101111111011011100100100100010001
1000111001110001100000011111011000101100111101101110110011001111
1110010110011100101100001111001100011110011010100111001100101011
0111110100011101110011100000101001110110001110010000000000101010
1111100011111110011010000011110000101000011011100000111100101011
1111111010111010100111110101100010111011111011111101010001010100
0110010000010010010101000111011101001000011001010111111011000100
0111110011010001000101101111110011100010010001000001111001110010
0011111100101111001111001101011111101011110100111111011001100010
0000000000100110000111011101100000000000000001011010101011001001
1010101011111111001111010001101111101011101000101110111011101111
0010101110111101001110010010111110101110101100010001111110001010
0111010100101010010111101001110101100110010110100011111000000011
0010100100111011100110110111000011011011101011101110111001011100
0001111101010001010100010001101100000001001000100000100100110110
1100100010100111111111111000110010011101101110111011011100001101
1011010110011001110110011000111010100111110111100010011101111011
0010011010101010101111011100000111101011101110111111101110101110
1011101100101111111001101010111010001110011000011111000001111000
1110010110111001001101001001101010101010110001111011100100010000
0011110000100000100010001010000101000001011110100011111111000011
1111101001000010000101100101100101101010101111110001011101100011
1011110011010010101000101100100100101010100001010110010001000101
0101000110010010000000000000000000101010010100001111101110110110
1100000000011011001101001111111011101101001100001110011010100111
0010010111000001100001011001101000110000100100100110111110011100
1001101011110011101110011100000100100110110011111011001110111010
1101111100111100101110111001111010111011010000010000111110100111
1100000111111100010101111000011100000000111111011001100110011101
1011101110111011101101000000001000011000100111101111110011111010
1111111000101010001110110100101110101000001000111111111010110111
0000011100000001010110100111000001111010101111100111000011001111
0111001101001011100011110010011100110100010100110110110110111110
1000011111011111001101111000001001101001111010111100000110011000
1101001000101000101001001010101100101010110101100001010111011111
0111111001111010000011111010111100010011101101011010101111100010
1111010010111101001011011000101101111010101100101110000111111000
1001110101010000000111000000010000001110000000000001000001000100
1110110110010111100000110111100110001111011100011001011001101001
1001100100011001101100101001001101010101011110010111010010100111
1001101110011001110000111010111000100011101111011111100001010111
0011000110001101000111000100010110001100111100011100101100110011
0101110100010110011101101000111101000110101100101110101010001011
1000101100000110001000001110001000001011001101101111101011101101
1101010111110010101110101000001011011101111111100111011110101111
0011101101001001010011010001001000101010001100100101010101000010
1101010101101111011101111100111000111001110010000010100010111001
1010000100010000000100010101010111110101110110000100000100000010
0011100010001011011010101000111011001001110010011110100111100111
1010101110101010101001010001010110100010000110011001001110101010
0111111010101000010010011110101111101010101111111010000111000000
1101111000001000011101001101100110111001001110111100101010010100
0110001111001000001001111111001111111011111111011011111111101111
0000100000010001101000010110100010101110010011001101100000010010
0111000111100000010000101100110011010100111011100011111111111011
1000111100100000010100000000000011000101101100000000110101011001
0100001001010010110101101001010010001010101010101010110111110110
1011000011000000000000001011001010011011101010011110110101111111
1011110111011111110011001110001011001000100100111100000000110001
0001101101111101111111100111110111110111011010011111111111111111
1111011110110010100011100110111011110100010001000010000101011110
1010010101001000101100010010000001010000010001111010100010110010
0011110011111110101111100100000001000100010011110111001100101100
0011010100111111010001110011011111011100100111011101011100111101
1100111101011000110011111010111010111010101011001110100100010110
1110011111000001101000011011111010111011100110111000100110010000
1100101010101110111001100110111010001011000000101000000010010000
1111011100011010110010110010001000000100001100011010001110110000
0100001000100110000001000011000100011000000100110000001110101001
0100011100001010001110000101011111101001110011111010111111111101
1111011001100110011111111000011000011111110101100100000011010000
0100111101110001000111110100100001010110010110101001011100110010
1100011100101011001100011111010110001110010000000001000100100000
1010111010111101110010111110100111010101000100010001000000111110
1111000101000000100011011010011100111101001111011101101111010001
0010000100100100010001000101100110011001101110100110101000001110
1100111010111010011010101010011101100100100100000100011011010000
1000110100100011111011111110111111010100100010100100000001000100
0100010001001111001110111011010011010100001011001010110100001100
0011110001101111111000111110010100001000000010001011001001101011
1001010010001011101110111101110011000001110110001101110010001000
1000101010101011011001111001110111011000101000100100110011101010
0110000011100010111000000111011010001011101001110001011011010101
1110110010110010010111110001001100010011111011010101100110100000
1011010110110010100011111110000101001111001100010110100010110110
0010001001100001011011100110001101110011100010000000111011110110
1111011101100100001100010111111111010100101011001101011100010001
0010101110010110111111011111111111001000101001111111001100110011
1111111111111010100011000100010001000100010000110100101100001111
1001111110110011001100110011000000000100010011010001001101100010
1111110101110111011000001001110011001100110011110011000111111000
0011111000010000011001010000111101100000010101111010110101010101
1101010100001101001101110101101110110110010111011111111111111111
0111101000000010101100010110111010100110011111001110000110100110
1000101000101010101101111010100110010000100011110100110110100100
1000000000000100011100010001101101110011000011111110000000000001
1101100011000110011110100101100001010100101110110100101011101011
0100010100101010111010101011101111010011000101110001011010101110
0011111011100011100101111110110011110110000000010011100001100000
1000000001010010001010011110111110110001101000001001011011111111
1010111001010110101111101011111010111001000100001110011110100011
1111001011101001101100100100001101110011101001100110101101000011
0110110010010000101111010011111010011100011111110111110111010111
1111011001111111000111001101001000001001110010100110001010100101
0110100110011010101010111101110010011110110101110001011001110111
0001111101111011111011111011110111110100111110110111100010110100
0101000101011101000000101100111001000000001000000010001000101110
1001100000011000011001011010001010011100010001110011001100111110
1110001110001000100010010001100000011000000001100000000111001100
0101110101110111110011110011110111110111010111000011011000101011
1101001010101101001111011001100110011001101110011011011000011111
0111110101110001011111101010000010001010111100000010001010110101
0101110010010110010100010100010110000101111101010000011100000010
1101000100101000100100100111010111111010001101110111111111100010
0110010110011101000100000011111111100110001000101001010001010001
0101110011110100000100111011000110000100000111011001100111101111
0000000100100001001000110101101010011110101010000101100111101101
1111111001101001100111010011000111100011110011111111111011111010
0100000001000110101100001100011010100001110111000111110010110111
1100111110111110111110110001011010011010010101110110110000010111
1100010000000000000000011000100010101011101010001011001000001010
0011001010101011001010111010101001001011000101000111001000000000
1101110000100101011110111100110101111101101001000100010001011100
0101000100101011111111010010010001000010111100001110100011101011
0101101010000110101010000001101000000110000101010010010111101111
1111101001111101111111110111100001101110100111110110100111000011
1010110010101011101010111011010000101110101110110010011000100010
0111110000011111110100010001010011100000000110000100011011110101
0000001111010110001001111000111010000011110010101111100101100010
1100001110010001000001101101111111111101111101111010000110101111
0110111010101110101100010000111000001110110010110010100001111110
0011001110101100110011100001011101110011010000101001001000001001
0001111111000011001001010000010001010100110001010101010101110001
1100010101110001110110101001010000110100010111011011110111111000
1010000001011110100010001101110101100111100010101111101111101111
1010101001000001101101010001100010101100100010010111101100001110
1000101000101010101010111011000101110101100100011111101110000011
1001110110010111111100010111010101010001010011010101010101010111
1011001111001000011010010001011110101011110111001111010000000011
0001110000100000111011101010100010001010111011100111010111101110
0010011011011011100110111010100101001000110001111000101100011101
0011011111011100100001101110001110010000001010001101010001011111
0011100011000101001000000101011000011100000011001110101100111001
0110100000010101011110110100011101010111011101001000110111101111
1110110001111101011110000010001011000110001101111010110110000001
1000101100011000010010001111110000100010111001111011111000001011
1100001000100011010001101100010011000001000100001110000010110010
1010001110100101111111101111100010100011011101101111110110001111
0010000000011111110101010000001100110001101100101101110110100011
0111110011100110100000000010110001010111010110011010111101111110
1111010010111100110100110100110100110110110100110000010001010110
0001011011010101110100011010111100101000010101010001011001010000
0100000110110101010111010101000111010110001001110110001000101001
1001010110010110010010010010011101101011011011011101101001111110
0100000111000001111101111101111111110111011011101110011111010101
1001111000110101111011000101111001010000000110011000100000000111
0000101111010001011001000010100100001011011000101101000010010111
1010001110110011011011010110111010111111101001010110110011101001
0110101110001100010000110100101110110011001010001001111110101111
1011111100010111010000010101001100111111010001010001010011010000
1010000111010100001111101011010111011110101111101111011111000000
1100010000101101110101111101011101011101011101110111001000110100
1100010011111000110100011010001111101011111111110111111111111111
1001111000011010010011110100000000001000100110010010010100000000
0001110000110000000000010000011000101101010101010111110100010001
0001001101110111000111011100001101010101011000000100100010101000
1011100010011111111110101100100010010110011101110111011101111110
0010110110111010001111100011111001111111001110101111110001011101
0111011101110101010101010101010101000000011010111101010101000110
0010101010100010100101100110011001010110001111111101001101111001
1001010111010001110001011111111110111000111111000011000001111001
0001111111010100101100110010101010110011000010101000100100111000
1111000011000101010001101110101011110111010010010010110101011011
0100100111100110111000111010001011100100010001101110011000011001
0011000000100000110010100100110000110000110010001011010101010101
0100010000110010111011101100101011100001011011000110110010101100
1101101100100001000000100010011001001111110011101100111011101101
1011011101001111101111000101101001011000110000010100000010110000
0001001111010101001101111011011101011101011111000011111101011101
1101100010001001101110101011101011001011010100101011001000001110
0010110010111011110010111111011010111010100010100101000010010101
1011001001110100100000111110100000011000110010100011100010100010
1000101010011010100001110111111001010101100100001101100100100010
1011010001101111110011000011000111110010011100001101000100010100
0000001000010011100100010011010111101000100000010001100110010110
0111101001101000110101010100010000110111000000111111011101011101
1101110111010111100010001001101000110111011111100000010101110111
0101011001101010110011010011001001010101010110011100111101110110
0000011010111110001111000000111100001110111100001111001011110001
0110100111100001111101110111001001011000010111001011110101011001
0111110110100101100100010011111100010000010001101100100100010110
1110110010110101100000111010010001011000011000110110001010100011
1000111111100000000010001010111110100100111011100110000000011110
1010111111011101110111011101110101110110101100001100110001111001
0101000111100011010100101000000111010011010101110000011000000101
0100001010001111011110111111010101101001111111010110001100101000
1000010110000111111000011001011000000010010110111101101111110111
0001101001111110100101101011000000100011010000001001110011010001
0001011111111111000010111101001100110011101100100100101010111110
1011001010111011110001101010111011001010101100111001101001010101
0111001101100101100100000010000100100100111011001010110100001000
0010100101000100010101101101010101010111110100000010000000001000
0100001000001000110111000001111110010111100110110100010001000000
0101001100001100111011101100001101110010011011010001000001001111
1100111110100111011001011010111110100101011010110110110100010010
0011111010101100010101011001101010011110100100010001011111000110
1100011000001111101001110011011110111000000101111111101010100010
1010111110100000000000010011000001000111010110111100001000001010
0001110000100000101001111101111111111011101110111111111001110010
0101010100001001001111011001001101010101110000111110101001110111
1000111101001001001000100010001100101011110001000100001110010001
1110001100101000111110101101001010001100100011011011111101101110
0011110111110111111110111000001100011101010100010011011001100110
1001111010111010010001001001010110101001101000111000110110001010
0100001000101010010111010111010100101010000010000110110011101111
0110111101101101100010110100111010100101010111010000010001000100
0100010001000111010100001011101011000010100010000000001001000100
0100010101010111100101101100111011111101111010111101011101100110
0100010100110101001110001011110110111111101111110110110100011011
1101110011101111010011111010011000101111110011010100110100001111
0101100001111001111111100000011101001000101001110101011110110111
0100101101010101010110100101100010001000011010000010100001101010
0000000001000001000001000000110001100100010001100101100101110100
0110001110111001011001001000000111110100000010001011110111010110
0110100100100100100010001010000101111101011111110101111000010101
1100110111101100010101011101110101101011111101000010001000101010
1000111101100011100010101010001001110111100010001011000101111110
0010100111001111010111110010101010111001011000110110011110011011
0010101101110101010110001011011101011000101000111000010101101100
1110001101000101110000100010001101011110111110100101001011000100
1000110011101001000010110011000000010010010100110000010011101000
0110010111111010110111011001111110011011101000101111100100111110
0010000001001110100000110011111100111000101111000101010000110000
0010000001000101100010011011111011000010011000000100010000110100
1100100100000100110111111011001101100101100010000110000101110010
1000000101111101001010001111010000000000000000001100101100001100
0010000011000011100111011110110110111101101111011011000100101111
1101011011000000101111000111111010011111101001111101110010000011
0111011001111001110111100101100011011001100110101101111110110010
0010110010001011001001101011001010010101110000101101110101000000
0010001011110101110111011100111100100100100000101110000101000110
1000010000111000000000010010000100010010110000110000101001101110
0011001101010100100110101011001000100110110111001110101010001110
0101101001000110111001010100000110000001100010100101010111000110
1010010110011110110101010001101001110111011101000111010111011101
0111011111010100101001101011010110011001011110011100101101111011
1000011100100001110000110111011111011001110111100101111001100011
0111101110001011100010110010100111000010000111101000001010000001
1110010011001111010100100111011110001000000000100001011100000010
0001010111000010100101010101100010010111100001110111100101100010
1101111010010110001100000011110001011111111110111111011111100110
