0010111000111001101100010000000001111011110001100000010001011000
0001100110101111111000110001000111110001011000100010100101101100
0000111100010001000100110100001100001110011010011111100101101110
0000110001011011100110101011011000010000111100010000000111010111
1010100100100000101101010011101110001011100000000100111100111101
1010100111000111100111011110011001011110001000010101101111010001
0000001011001100111100001101001111111101110110111111101001100001
0001000111001110001110000111001110111011110111000000010000001111
1010000011000011011011110100011110110100100010010011000000001100
1010010011000000011011100111001010111011111011111011100001010011
1110100000111010011111110010001001101101010001100001101110100011
1101000011101101111111010011000000100111110001010111000001110010
0101010011101100100100110110111100010001110001000011001111100111
0101100001111010100010111001110111101111000111101111010001010010
1100110110011000010001110011000001000010000011010000111011111100
0011110101011111000110010000101001101111000011011101111101010001
1111000110110110101010100000101001111011111001101010011100111000
0001101000001101110000110110001011100000110100010011000111010001
1110001001000110101101001100010001100101001011001010100000010011
0111000110101101001101101111111011101000101001010010110110111111
0111111010111101111010110010001001101000010110101001011000100011
1001001101010001000010100111011100111010000010000101111000011011
0100000100111111000000001110100111000100000001000001110110111111
1100000100100110010011100001000000111110110011101111111011100110
1101101000011001010011100100101101000011001100001101110000111000
0100100000010111011000101101100101010101001001011001110101101000
1011011110010100010100110100100100101000111011010100100111111010
0100110111111000001000000101110001011011101100100110011010000101
1101110100110001100011011111000010101111011001000101110100110100
0011011010111010111000001101000010110101001100001111000110010011
0100100100111000011000010010110111001100010100111110011101111010
1000101111011001001101001010111000010101111010101111101011111100
0111001101110111001011111011110001011100110001101110100001000110
1111111001111111010010110010100011110001110100100011000111001110
0010110000110110100100110110111110010110001010000100111000101000
1110001000010010101001110000010111010110000011111101010111000001
1010011101010101001010000100111111000111101000000010010110110010
1001100110001110000000101111111111100010010111010001100111110100
1011111110001001110000111101100011111110111100110000101000011001
1000011001110001001110110111100110110010001001001101110111000111
0010010000110010010110111111101100101000111001100100010110001000
0110100011000101000100110110000011100110111100000010000110111101
0100110110101100010100000111110100010011000101011011111010011101
0110001110010001011000010000111101100010110011110100111011101111
1111110111000110010111010101110110100111010001011111110101010111
1010101100001010110011001001011100100111001010100101111000110010
1001111001101011011100111100001110001110101111101000001011101110
0000101010101010000100000011101001001010010100001001011100001100
0000100010110011101100000100011000001001011110001011110001011100
0101110111101101110011000001001101110011101101101101001001000110
0100100000010110110010010100101000011010011000011111000010111001
1100000001010010000011000001101101100000100100111111011100001001
0111000011001001000100011010001110101001010001000101111010001010
0001001011101111110111100111011011011110101010101111011010100001
0110101101111111000010100010111110001111011101111101010100111011
0100001001111111001101100001110110001011111101001110011011100100
1101111111111011101111110111100011001111100101101101111111010111
1100000001010111111011101101101000011100000001101111100100101111
0100101101101101101111001111011101100000011100000011100001001101
1101010110000000010111010011001111010010110111000000010000110100
0001001110110010011101010000000101001101010010111010001010101110
1100101111000000110000011110110010111001110000001101011001001011
1010010000000111001000110010010111110110000101110000100010000000
1011000110101110001010100100101101101110111111100011100101011001
0100111000010110001111000011101000111101110010100110101010100100
1010101001000110000010101010011111111011010100111000000110101010
0101000110110111110000001000100000111000100101111101110100011111
1101111101110101010100000110110001000010100111010010000000111111
1100001101101100110000111010000000110110110100010010111101000011
0111011000001001111011001111000111110110001111011111110111111100
1011101001100011000000111000101111010010010101101110000010100001
0001010000110011000100100000101111110010110101100111101100100101
0100111101101011011111011101011111001001010001001000011110001110
1000111101110101100001011101001000110100000000001100000101100111
0000010101100111011010010101101001111100011001000011111110110111
1011100101001000111001111000101111101111111111010000110101010001
1100000011101111111000010011101010011110011100001100000110100100
1100111001001010111000011100000001001000111011100001011000010000
0101010110110110011110101100101001011000011101011100100001011001
0100101111101000001101010001110001011000000001110101110010010111
1111111101110111110011011111110101011100111101000111110110000001
0111000100001010000101010111111111010000000111101001010001011110
1001110111011110110100110001100100010011110110000011111010100100
0001000001101000111000111011010011110010010001110100001001000000
0000000010001010010110001000110100010000001000110110000111110011
1001101000000100100111010111011101111110001111001110011000111111
0000111010011101001110001011001110011001100100111101100101110000
0101011100110010010000001111111111011001001110001000001011110010
0000110101100010011001010011010010001100110010001000000010010101
0000000010010011100110011111001110110111001001010111000111111100
0100111001001011011001010101000100110011010000010101000111000010
1101101011011001000011111011001010001010011100100111010010101001
1011010000001000001101000001010001010010111100101110010001110000
1111000111100100101101001110011010011101011110010011111110111111
0011101111111010101011101010100011101110111011110101001111101011
0101100100000011100110001110010001110101000001001101001100101100
1011110110010111101101011010000111000101000011011010001101000010
0111001110101000111101010011101011000100100001110100110010001111
0011011001010111000000101111110101101100010010101000001101010111
1010010000000111001001011100100001000001010011010001010110010110
1101100010100001010100001010101110011110000011010000001010011000
1011111001010011010011100010011001101001001110110001000101001111
0110101010110001110001010000101100101101001000100001010101010111
0111101011010111000111000011000111110011001010101001010101011010
0000101111001100111011010000000011000001011001111101101111101100
0011010110111000111011101101101100110011011110000011111100001011
1111011011101010100101011000111101011110011000011100111101111100
0100101100010110010001011011111110010100010010111011110000011110
0010011100101101100011101101010011101010101011111000011000110100
0011001100000010010111010100010100101101011000110000010001011001
1010100001001010001000000100000011001100011111110011111000011000
0011010101000010000111001100111100010000001000011111001110000001
0000000101010011101110000110100011010010001001001110100110000110
0010110001110100100010000111000001010110011111000101001010000111
0010001101001111101100011111110010010101110111001110110101011110
0011110001100100010011011100001100011000000100000100010001010101
0000100001111010011101000110000001000100000001111011001010001110
0001100100110100000110111111111000010110011001101101000100001100
1011111010111010010000001111000010111100110000110000111110100100
1111100100010100001011100100001011100100011000011000111010110110
0100010110000001110001101110111001111111110111000101111101110010
1011010110010110010011101011010000111011000101011100001010011010
0010110011011001011110010011001111010010111101000101010110000100
0111111011101111111110111110111000010111100001010001101110101011
1001100110000100111010010111100101011101010100100000110011101111
0100011100101101111011011101000100010001111011100100000110111011
1000100001110001000001001000011010001000101000001111111001101001
0100010010010100010101101000011111100011100010101111101111111000
1111111010111010100100101000000010100010101010111010111011101101
0110101001110010101001110100001011101001000110010100111100010110
1110101110000011101001110010011001001011000101111000011101000010
0010010100010110100100100000111110101100100101100100110010010111
1111100001111000110000010101001001001100101100110010010000000001
0111111010101110010000110100101111010100001110100001100001000010
1100011100101001111111100001101011010101110101100100001110010101
1111111001000101011110111101111111111110100000111000101111010010
1100110010000000110000110011011111001111001100111101110010111011
0111001100110000101000010100100100111110000110110100100110011010
1111010111010100010111101111010001101001101111000010111011001010
1110010100000111000010111110101110100101100100101010001011111011
0010101010001110110000011010000001001010000100101111011111100100
0101111101101000000100111100101111110000000100111100001110011101
0001010010101110101001101100100000011111101001101001101001110010
0111011100100000010001010011111110110110100001110110000111101000
0101000100110100000000111100111101100111100110010111000011101001
1000111001110111101100001000100011000111010000101000101110111010
0100101100000110000011101110110111000010001000000111011011000101
1101001000110101101010010010101000111001001000100101001110111111
1111010111001101000000100011011101110011110100101101011011001001
0101001011110010000001111010011000010010101001001110011101110000
1110101111110100100110011110010101101011100100010110010111001101
0011000111011001010100101010100000001000100010100010010000110010
1001000010111110001101000001010010010010001011101110010011110000
1001110110101111100000011111010000000110110010011110000100111111
1011101110111011010000000000110111100000000001100111000100101010
1111000101101010001100011101010100110010001111100000001000010111
0100110100110010101000000001001111000101111001111111010010001111
0111010010001011110010010010011001111111110111000011000111001110
0111010111110011100010001111010010111111110111100011010000000101
0001111101010111011000100100101100100101111101011100010000110101
1111111001011011110101000100101111101110111101111101110101011110
0010101010011110101100000001101111010111001110100111111100001001
1110100100110010011010101101101011101001101010011001111110111011
0000000101010100001101100100011000111111011111100000001000001001
0101101010110001100010011110001101011001011000000101110111111001
0010010000110101110111100010000001101010010000101101111110000011
1000010110001101010010100000000010100100011111011111101011001111
0001101001001011000010011101000000101011111000101101001000010001
0001101001000011101011000100101111011010101000001101000111101000
1011011100011000111011001011110011010011100100011001010011000100
1011001000111100000000001001010001101100000011000010000111100111
1001110011010111011100110111100110110000111110010000111011000110
0010011011010101111000111010010110011001000100110111010110010000
1001110111111100101000000111010111111101000000011110000111001100
1110110111100110110111101111010010101101011010011001011101111110
0001100111100101001111101011110110011110111000101110100000010100
1111101101100000101101001011010100100110010111010101110110011111
0010000111010101000000011000110000101000001101010110010000001011
1101001000110010011100001100000111010111011111111000011100010000
0110101011100000001001100110111001001001111110101001011100001000
1000100111100001010111100011100000010000110110010010010011000111
0111010010001010111010111010111111010100010100101111111001011101
0100010000000000110111100110110110100111100100001100011111000111
0101111000010011111111111110111110101011011010100001111100011010
1001110101010011110101100101011001001111111110111011001101011110
1110110010101001111101111001001010000100100101000010111100000011
1101111111110010100011010001111000110010100110001001000100001010
1000110111111011000011000001011001010011000111110001111000111101
0101001111010110011001100011010000110100011100001101101010100011
0110010001111000110101001111110100110110011111000110111100110011
0111001000001110110010001000100011000100101111000011000000111111
0000101011000111011001100101001110010100100001001011110110000110
0101011000011101011010000100010101101010101011100100011100010011
1101010100010110101010100001100010001001011010010111100111100001
0011111010110101111101001011100101111000001011000111001010101011
0100110100111101100011011011000110011100101111010000100011010111
1011110110110110000001110010110110011001100011000111101100010001
1011011101100100010001101000010010001001110011001000100110010011
1100010011100110101110110010101010010100111011010010111000101000
0110110100001111110000010001010100010100000111101110001011001111
0111101110011011011011000011100001010100000101100000110100101111
1001100001101011001010100010010000011001110110010011110010001110
0110010011000011101001101010110000110111011100011001000011101110
0010010101101000010011111110011111011101111011010100011100100011
0101011001000110101101001101001011100010000110110110011101011100
1100110110111010011110010100101110100010001111111110101101111101
0100001000001000001011100110000111011110010110100001101000111101
0101101100100110100110111000001001101001000110011001000010101011
1100000110001011101001101111001000111010110101111011010010010010
1110101110111011010000110110011000110100011110001010111100010000
0110000011011000110010001000101101010111000101000101110011011100
0110011110110001001000011100100111010010111000100001110001100011
1010110011100000011100011111000001101010000110000000100000110100
0101010000110010010101011000100100000110010110000111010111110001
0110010011011000101001011110011100011001010100011100011011101110
0000101010010111111110000101011010000110010001000111110110011110
0101111001011011001101010011100010010010101000010111000110000101
1110111001001100010101011000100011111111001110001010100000000100
0110111100101000001111110001000101110101000000110001110110101011
0101000111110100111010110000011110100000100000000110111100101100
0100110011111111111001100111101000100100000001111111100011010000
1010100101000000010000111000000010111101100111111111101111101100
0101011111001110001100100101100000111100111100001110101111011100
0001110010011111101110111100111101110101110001111110011110001011
1001000000110111100001111010000101000100110110000111100001110110
0010011101010111111111110000011100111010011100010010110000000010
1111100110000110111101001101110010010111110100101101001100001011
1000010011111101101010111000010111100110100101111011100100110111
1011001101001100111111011100000001111000101100010010000110101110
0000111001000010000000111001010011001000000011000100110001011101
1010000000110010111101000001111000000000101101110100000001001110
0101001111110100011100000011110011100001101010011000101011010100
0100001111110101001010110001001111000000100101010000010110010011
0100011100111011110101110000101111010101101100010111111111010010
1000011111001101000100110011110000010011100101111110001100011000
0010101010000010101000001101110111111000000011111101110010101000
0111011110110110011001000100000011100101110010001011010001110101
1100110000111000111100101101010010101100001001000111001010110011
1111101110010000100100000111111010000000111011101100110011001011
0000011101100100011011001101100110000010010010111111001100100110
0001101110000011001000001110011011001110111010010111100011011000
1011110010000100010111001101111110011011111000011110000110111110
1011000000101100101110100010001000011011101000111010101011100101
1010001000101000101011100101110001001110111111100011011100110001
0000010000111010010101010001100101101111100101001001100000100010
0000001101000100010111001101111100110000010101101101111011100100
0110010101101111111101001010000001000001000000011101110100011010
0101000001111011111100010011110001011001000100000110010100000000
0110111010101101111100011111110000111100011011001100001001010001
0010000000100011100001110000101101101110011111000010001100001000
0010001100001101101111001010001101101010101110110000010000011000
0001111010001001011001101011110110000101100001101000000011111101
0010001001111110001111010110011111111011010101100101100110000000
1110001100100000000000101101010101010101010100111100100110111100
0111111110111110011010110111100000101110001000011001001110000111
1100100001111101110100110000100010011101001101100000101011111111
1100110111101001001111010000011010001000001001000001001101011101
0110111011100001011100001000001001010111001100101100010100101111
0100001000111111111111001011000111101011011101010001110101011110
1111011100011010111100100000011111000010101111100111010110100110
1100001110101110000011001001010010010100101011010111000111000001
0011000010001000111100000110110110001000000101001110100100101111
1110001110010110111111101001000110011011111001010110111111001011
1000010111111101000110111101001011110100101110110111100000101101
0001101110101000100110100000010110100100011110110111101110100011
1011000011010001001001001101001000000101111001100001111010011100
1000111111101000110101100110100011000110001011001111101101110000
0101000011011010010010000000110001000000110001100011001100011101
0100111100001001111101010100101000001010000001000011111000101100
1000010111010101010000010111010001001001011111101111111001001000
1001000000101100111000101100010101111001011011010100001110111101
0101100000011010001000000001111010101111110110111110101000011100
1110011001000100010000001100010011110001101010001110111001111111
1001100011101110010000001000011100111100011101111110001111110011
1000111110100110110010011010100001011110010100000101101100000100
1001111010101110011011010000011111001100100000011100000011101111
0010110000001100001011110010001100111010011000000111101100111000
0011010100000000111000000011001101010110001101101000001000000100
1100000000100110001100011100111011000100010100010001110111000100
1000000111110100010110111100010111011111000001000001010011110000
1010000001110001110110000001000100101000110101100111011000110100
1000001001101010110010101000010001111000011000010000111101100110
1111111000010110111000100110111110001000011111110011100000000111
0010010110001010110101001101011111001100011111101000111000010000
0100010010010011100111001111000000100001100010001010010101110001
0111111101110000000000111110100000101000011001010000111011101010
0111011010111110101111111001110001100110111010010100001110110001
1101001101101101100011110000010101111101000001011100001111001001
1101010011100111011100100111101001100011010001111000111110011100
1111110100000000000111001101001011110010011010100100100111001110
0010100111011011000010110101101100100111010011000011101000011100
0010011010101000010101011001100000110011100000110010011001000010
0000001000101110000010000100000111111101010100110111101000010000
0001101001000110010000000110001101001000001110110101010011101010
1101010001011110000110010111111101011101010111010111110111111111
1100010000100111011111100100001100000010111111000000001000110100
1101110000001000011100111011110000111010000110110111111100000111
1001011011011100110000010101000111111101011010010010001011101000
0101110101011111001001110110101100010011101101111100001010101101
1011001000100101000000001010100011111011101011001011101100010110
1011100010111000001011110100001110010010011000010011100001101001
0110011101000100001100011010101001111110011110001100110001001100
1101101010110011000001110100110011111001010000000110101001001110
1110100001110110100100101000011011011000100011110100011001111100
1111111100100001000100001001001010000100100100010110010100010100
0101000111111011111001000000101111111101010100110110000101010011
0100010111110011001010001000100110100100001100111000100110111011
0110100111100101111100101101101001001000110010000111010000100111
0000111110010101000111001010010101001110011110110010000001101000
0100000001011000101000000101101101001110110100100001000111011101
0111100001111001001000111110111011000000000111110000010111101101
0001101000100010011000100101101011000000011100110000010100000010
1001100110101001011100111011100001000110011000111001010010001000
0001111010001101011011101100101100001111001001111110010011101001
0010010001101001110011011010010001010100111100111100001100001100
1101001011000111000110010101010101010000110000110000110011010011
0001010011000110101001101011111101000000101101000001100001001110
0100101111011000000011010011010111111101111001011100101011101101
0010110010111111101000001010100001000001010100100100100110000100
0011100010101100001001101101111101110001011100010001000010101111
1110111101110011100111110001010111100101001100011110100010111110
1010010011110101011101100010110110100011000110100001010101101110
1001011010110100000000111011111010011000111100111010010011101100
1101000010000011100010111000011010111011100011011100100001110011
1111011011100010000111011100100001101111111100011011001111010000
1111000000110001101100011010000000001011001111001110001000001000
0101101101011010010100100001000100001000001001100010010111001110
1000100111100010111100110110011001001101010011111110001100110101
1000101011101010110011100011101100101010000110111001001001110101
0000001000000101010111001000001110100100110010110011110010011111
1000110010001101101101100000000100111100000010010001100000101000
1010110001100100110000101101011010001110011101101110110010010001
1011110100100000010111011100111110011110111110100111011101001101
1010101101010001100110001100110011111011010001101011101110101010
1111110010010000000110110100010011011000111111010001001010001100
0110111010101100110101101101101010111000101000010000000011110111
1001100101100100000111011101100101011100110100001000011010101111
1100101001100000011010100001010110011101100001010110001111100111
1100010011100111011011011000011110010001110010010000111111100100
0111011010101110011110101011111001010110001110001010011101101101
1011001101000100011111011110010000111100001001000011011000001010
1100111011111010101101000100100100101100111001111110110111100101
0011101011000111100011110111101000001001110110000101011110001000
1011110000111100000100100011000110101000010100110100011101001010
0011101111001011100000000010011011011111000100010000110011111000
0100011110111001110010001001100111011110001101110110110001000011
1111010001001101000000011101100010010110001001100001101100101111
0010111111000110111010010110100111111111010101100001010101000011
0100011010010010100011010010000100110111001010110000000100111000
0110111110100111001101110110110110001001111010100111000100110111
0111111101000001100000011010000101000111010111000100000001101010
1011111100000011001100111010000010111110000001000011111111110011
0001101000011111100110100001001010111010110100011110011101101111
1110100000111111111000011010110010001000001100001111010010110001
1011100111100011001111101001000011001001011000011011111111000010
0010001000100000011101110111110000110111010111001100001000001111
1101010111011111000100010100000101011000011000011000110110100101
1001111001100111001001110110110011000101010100101010110000000101
0111001000100000110010001110010110001001110100001011001111111001
1000010000010111101111111001011100111001111100101000000011111011
0111001010001110111110010001110100000010000110001001100110011110
0010111000000100010010011001111111111111000001101000110001001011
0001010001001000011000100000011100011111111011100001111101111010
1100110001000001011101111001011001111000010000100011100101001111
1001001001100011000011110001111010101100110100100110111001010100
1001010100100001101001110010000001001100101001111111000111111110
1010000010001010111011100111110011001011111010000011011010011000
0001111011111111001010101110111010001000011010110010000010000100
0011110011110110001011110001001000101100101010001000010110110010
1111101001101010100100111011000011110010000010011011100001011010
1001001011001011010001010100101100000001000100010100010111001011
0000111110110011011101110100100101011001011111010111000001001110
0110010001001111111000101111100100011000011011110111001000100011
0111010000011000010001110101110111001011111000000101001011001011
1011010001011001110001100101011000010010011100001110010101000110
1010001111001011010100011100101111100000101100001110111101101010
0111010111001001011101101101010010111111000011111111001001110111
0010000011110001011100000000110001011011101100110010001101101010
0101110000001111010010001010011111100100001001101000000011110101
1100001110101011110110011000001010011000101001100010100111111101
1001100110110110111100001111111101111101001110110010111011110110
1011110000010010111010011101010101011111111001001010110111101011
1101100101110010110001111000001000111000110001001101000001000110
0000000101000110000001101111011001100011110100110001001000010111
0101101000110011010010111001110111110000010110001111100111010100
0000000010110100001111010100111101001011010010101111011001011011
0110111000110101101011001001110001011100101000110011010100111110
0101010101010110111000101010111100011110111101001001000010110111
0001001101011110101101111011100111101110001011000011100110111011
1111000111001100101110000110000101000100010100001110101010101100
1001010010000010011110100000010001011011001100100001000111001110
0000101010110101000100111110001010000111100000000110101100010101
1000001100111101010001001001001110111000010110111101101101011001
1100110111101010000010010101010000110110000101110111001010001000
1101010011111100110111101000110011111000001101111111101111011011
0001101100111001000010101011111000110100110010000100111010100110
0110101011101000011001000011100001100011101110011011000010001001
0111000101001100000101101011000111010100011101111111101101110001
0010000111010110001100101001110000101011011010100010100101011000
1011000101110010011101101100100000011111010100100101000011010110
1110111000110011000000011010000101111100010001010000001111101110
1100110110110011100100100010100000001110111011101100010011111010
1100111011010011101000101010101001011101000000101000100000110001
1110100010100100110010110110000001111101000110000111110110100101
1010110100000100101100010011000011010011010000001100101011001101
1101100001011010101100001011101101111001100001110001000110111101
0111000100011000100010110101010101011101110110100110110110010001
1100011011110011011001000110101101111011100111010100101010000100
1001010110101101010111000010001100110001000110001000111110001101
1111100000110101110000010000010111011000100010000011000100011111
1100101000000001111100111010010101010000111010110101001011001110
0000101111001011001000000000010001111111000111000001001100010001
0001001011110110011001101101000001011000010110101111100101000000
0010011000000010100001011111101100000100100101101111010100010001
1101111111111011111100011101100100101110000000011001111111100111
1010010000000001010000000011111100101011011100001110110100101010
0011110100100101101101100101101011001101001001011111011011110010
0111001001001011001000101010110001101001101001001011001011110000
1011100000101110001111000001110000001100001110111101010001110011
0000101010100101110111100111100000011001100000011011010101110101
0100000001010000001011101011100001011110010000111101010001000100
1001110011000010111100010011011101110100101011100011010111001100
1000101000111110111110111000000010100001000100010010001000101001
1100011010000101110000011100001111001000001100111100000000011101
0001010001100000000010011111110110001101111111100000001000011000
0010001111101001000101111011101101000101100010001101001110011101
1110000000100000001000001101010011010011010101101011001111110010
0101100011100010011110010000001000000000110100111001010000101111
0110010101111100010000001101110001000011101111011101110111001110
1000111111110101001011111000101010001000110101101101001101010011
0001110000000110000001001110111011101111101011101001111111010101
1000101001011010001010111100010100101100000110000000000000110000
0101011001010111001101000000100111001110000001010000010011101000
1111001100001010100110001010000110111010111110000110111101110110
1001100101001011011001011001101011111011101111001001000001011100
0100001010011100110101111100010001110101101110111010000001010110
0100011011100000101111001001100110111100101001110000010100110000
0100011100101111001010110011111000000010100100111111000000000111
1001111111110101110100111000101100100110110101010011111101111000
1001000001000011000011100011111001110000000010011001001010101100
1000111001101100001010100000011110011110100010011101011000011010
1000100010111010101101110101000101010001000100110010010000000011
0001101000100110011001001100011100101001100011110111000001001111
1101101010000010001110000011001100100011110111011000110111101000
1101101011100111011110110011000010011101111011000101101000000110
1101001101011100000110010100100000101101001001000110101011100011
0110011000001111001010100101000101010101110110100101000111001110
0111110010110111001110000111010111001101011101101011001001001011
0011110110001010000100101010000011010011101100100110001000010010
0110101010110000100100101000011011110010001101100100001011011101
1100010101011110001101010010000111010111010100101001110110010101
1000100100010001101001000011011101000001101000100010001001100101
1001110100101110111010111010101000101000101000011110011100111011
1110111101111101001011101000010010000110011000111010001010011001
0110011001100101101100111010111110010110110111101111111110010000
1110111110001110111011010101011011011110011111010010110110101010
0010010001100100011000011011111011010110010000111011011100111111
1000100101101100011011000111010000111010001110011001100011101001
0000101001111101010110010011111111010100000010000110001111110110
1001100100000010111100111111111111000000000011110001110101001000
0100111110010011001000111001000010011001100000000001010101111010
1100001010010111111100011001011011010011111010101011001101001001
1011001000101110100100100000100110111001101111100110100110000110
0010011100111100110010000000000111110010001101001010000010110111
1011100111111000000000111110101110111011000100010100101000010000
0101100101101110011000011111101111101101000001000011101111010111
1011001011000101101010110000001111010101010110000010011101111000
0100010101011101011101101111011001011110011000001001000000010000
1111001101001011001110010001000100010100101110001011111001111010
0101111100011110100111000011011010000001010101101100001010000100
1111111000010011110101010001011011010011010000110010011100001101
1111000000111010001111000001011010100010101011011000101011101100
1011001010110001100011000101100000100101001000001000110010000000
0011111011111100101111100110101101111011110111101110010000110010
1110000001011100011001001010101000110101011010110001100101110010
1000000110011100111000010001011011001001101011000111000100111100
0110011001001111000111011011011100100000011010110000011011110000
0000111101000000000010111111011010100001101011110100010011101110
1100000101110111011001010110100000110010110100100010010011000101
1110011011000100011011110100011111001000000111110111011001000000
1100000011100100011111101011111111011101000100001000010001101111
0010011000111010001111001010100100000011111100110011010101000101
0101010100011000111101100111111110110111000011100001000011100110
0101100101000100011000101011010111111010111010111110111000010000
1111011000011010000010100011100110010000110010011111001100000100
1000000001100110110100000111010010011001001001110011011010010000
0000100011010010001001101100010001110011011010100100101110001001
1101011111101100001001001000110111011000100001110010001110010010
1000110111000000000001101011010110011111110111111001010000101000
0101100001101001111001001011100101001100010000001000100011100100
1010100010101010110010000110000100101101100001111011011011010110
1001110110100100101011100001000100100000101011000000011011011100
1100010001111110101001011100100001010001000001000100110000100100
0000000010011110111000010110110110110111101010001111010001000110
1110011111011001101110000000001000100100100111011111101010110100
1100000001100011110100100000101101000110000010111101101010111010
0011101000010011101110010011111100001100001000110011101010001111
1000110001001110111110101101110000111110100101011000111111011101
0011100111011011000000101101101000000001000100001011011100001110
1100101110010100111001000111001001011100111100010010100110010111
0111111100100001011000100100010001001111001010011011010110111000
0000000001001110100100001111001110011000011111101000011001000010
1101010111000101010011011011010100001001100101000100010110000110
0001111111001110100010011100010010011000011100011001110100100000
1101111100001111111111011100100011110100100111011010001001100010
1011111111000100100111001101010100001101100101110100000111101001
1010001011100000110001001111111010011101101111010000001100001011
0111101110000001111000101111110101101001001101111100111011000011
0010011110010110100010001000100010001101100111011000101000110010
1110101001001011110010001100000110000110111011011001000100010110
1001001001001000100100011100100000001100111110000001011010101011
1111111101010110110001101101110011101001000001101011100110010010
