1111110011001000011011111000110010001110000111110100100110010100
1100100111000000101101101101010010110001001101101100101010000110
1100100101000010000101100101011011110100100011000010001110010001
1110010100000100011000100111011010110100000111011001001010011100
1000001110010011010100100010100101010101100001010110100110111010
1101101111111100010110101010000011110001110101100010011001010001
1010111111000101111111110110110110101000001100110010110101111101
0000111110010111110100000010010110000110111111011101111101100011
0000101101110110110000000101010001111010111111101100000000011000
0011010110011100011010111100110011101010100101100110010010000111
1000010011011101001100000110111011010111110011010100010101100001
1101000011100110000001011011110110100101100111110110011010111100
0110100100100011100110000100001011010110001110001000010011111010
0110111101101100101110100100000011110000100111110011011000000001
1111000001000111000111110010100010010111000000001011001011000101
011111000100000010101010111111011100011001110101100111011
