1100110010101000100010011101101100111100101000110110000111100111
1000101000001010000110111100010101010001010001000001110000000010
0100110101010110001011001111001011110001111110000101000101111111
0000110001101011101100010010110101001001110001011001011110011111
1111100000101001111000011000101010100110011111001001100001110001
1110011001010110011111111011110010100110011001100010011000001011
1101000011100000000001111001001001000001101101000101111000011010
0100110010101111111110010110000100111010101010110011111011010100
1010100010001100111111010011111110110110110101000010011000010100
0100010000111111000010110101001010111110001101010010011100000100
0010011001101111100001111000101001011100000110011010011001100010
1111110001001000101100000100010101110111001000100011000000101000
1010010111111011110101001000111001000011011001011001001000100111
1000001001000010000010111000000111001101001111100010111110110011
1110111111001010101001001000000100110010000000110000100000100100
0110100010001110011011010011010100111001100001001111111001111100
0111010000001000111001100010111111111000001010011000011111000001
1000001010011100110011110110011100111111010111111111111100001101
1100111011101111001010100001110001011110110001000101000011011001
0010110000111011110111110011101100010010010101101101000011111000
1000011011010111110010001010010001011101000011110101110111010110
1100000000110100101000101011011100001010001111111000000001110000
0000100010111101011101100111111000011100010110001011010001100111
0111101001110100110010101101111001000000011111111011111010011011
1111111011101011001011011010001110011000010100110111100001000000
1010000111100010010001100110100000100100001010010100100000011111
0111011001011110000000101100101011111101110001100111111101110010
0011110111010010000011010110100011011111110111000110100000111000
1000100101001000110100110111011001001111010100011111100010001100
0000011100111011110110011011000011111000111100010100110000111101
0000010100001011110110101010101100100101011000011111001010000111
1010001001101101101100011010110111010101111001000110110011010001
0111000001011101000110001110000011111001110010100010010101000010
0100010001001111010011110010100000010111101111101000100000001000
0101111011100001101110011010101000110110100100000101100100100000
0010010010100000010011010001011101010101011111101000001100001111
0110010100000110000110010100101100111000001100110101000101111101
1101111100000000001001010010001000001010000001011101100011001110
1110101110011010101001100011101011010101111010000011110100100101
1101100001001010010010010100010110110000010101100100100101100001
0100000001111011100100101000011010100010000000001000111010011001
1000100100100000000001110100000011011000011100000011110101101111
1110111001010111011111010011001110111001001111111110000000011100
0011100001100001011000010101001110101001101010100110111111101101
0111010100110010000100100001011111110101000101111100111101100100
0011101000101110111010011010010100000001101011110001100100000000
0010111110001001111110011100111110101001100011011110110110001011
0011010110001000001101100011110010000100010101100010000001101001
1001011101000011001110010001100100011001010111000001011110010101
0001100101100111010100100101001101110101100011111100110100011011
0000010011100000001111111000001001011100101010100100100011111100
1000000010110101000100110101100001110011100010010010010011101010
0011101011111111010111010110010100101011100000010010011111100000
1111010010000001111111000110111010010111010100000110110011111100
1001110100010011000110011011101000001010111110110000101100010011
0000100111110001000101000111011100011100011110011011011111001000
0101101100001110111111111110000000111110001111000111101100011000
0111111110010101010111001101110101101110101001011000000011011001
1100000110010010000101000110010000110100111111111010000000111000
0001110001110000001110111100101110111000111000101100010011011001
0011001000001100110101011100001100000011000010101101101001010110
1001001111000010010101110000010100100001100010000111001100111111
0011101001110001111111101110010011100000001001011100010111000111
1100100101111010110001001110101110111001101011110011011000100011
0011010010001100010011000110100010011011010110011101011001110110
0000001011111010101100011111101010011000000101111101110011101110
1101100010000110011110011000111010101110001101000010000000000000
1111000111001000100111000011111100000111010011011010101111111110
1110000101010100010101001000110010001101001000100001000001010100
0101100110101001010010111011111001110111010011100101000101110001
0000100110110101110111110000101111011111010000001110001111010001
0111001111111111110111111111111000000100011000001100001001011100
1111111101000101011000000111100100111011100000100011001000111101
0010010110101001110111100100101011011001001001001111001011001111
1110100111010001111000110111000001100111011001101001000001001000
0000000100101101110011010111011010001010001011011101101010111110
1111001000100101001110000000001111101110101001000110011010011110
1010010010101110011111101001100100000001011111110000101111101101
1110010100110011011011001111100111011100100100111111110110100000
1111100100101100110111001110101110000010000111110111111111110110
0100111100111000001010101011010000100101101100111100111111100110
1100001011010100100011000001011100011000110101110101111011101111
0110000010101010111010100110011010100111100101010101010101100010
0001110111110000000111111000111010001000110011111111111000001000
0000111001100101100011100001100111100000000110000100101011111011
0000011011010101001011001111000010001011011001011111111100001111
0111001010011000100100011011111000000110101101011010011001000110
0101000010111101000000001010101010100010101111010011111100000011
1010100111100100100000000000000000000101010110010110010011100101
0101100101110100101101010111000100101110001011000011101100100100
0111010110000011000011100100011001000111110111101011001010111100
0101010000101110011110001001011001010110010100111000010101001001
0000000110011001010011010001000111100011010111101000010010101111
1111101110000110111010111001001001000110011011101100100101010010
1000100000100011110010000100000110100111000101000100000110101100
0010111101101101111110011010101100000010100000101011101011101100
0011001111111000001001110010000110011101111001010111001111100110
0110010000100100111010001110101001110011001101101110000011000001
0001001110001000101101010001010011110100010000011010000100011001
1100101000101100011010111100111010101101110000101111100000011110
1000101001001001001010001010000001000011110111010110111101011000
1010100100110001001010001100101001000010001010001001111001000011
0100101101010000111110001000111100111010001111010111110000100000
1100000010101010011110010101010101000000011100011011110000000111
0010110110000111000010010110010001010011001011110000101110011011
1000011101100101111111110111101001010000010110100111001110000110
0110101110010010110110100000001111101111111010011011111110010000
0100001100110110001111000101101111000101101111010110110101001001
0001001010110000100101011001001100101011000101011000001000011111
0110010100111111100100000101011000100001110011010011110000010111
1111010101001010000110001011111111100000100000100100111100010011
0000100101101000101110011111100111001110101011011001100101111000
1010110000101111010001000100001000001111000000010111110011011010
1011110010011101011100101000100010000011111111011111111111000111
0010101111101110111010001010001000101101100100100001101100111101
1010101010010011111000011001101110001110010000011001101111100101
0101110111000101100001101010001001100111011001010000010001100111
1101111100100011101101010111110111110011010011000010110011011011
1110001111101110101000010001010011001011110011011101101000110011
0011010001000101110100001001110011011010110001110100001001111100
0101000001000010010000011010011010101110010100101111111010111100
0001001011010000111111110001100101011001111110100011000101100010
0101111000001000000110011000001110111110010101000100100011000110
0111000000001111111000000001101111110011101101000001110000001001
1100110110100101011000101010001111111101010001001000010000100111
1101001101000001110111010011101111110111011110001111101110001000
0100111100110100111000100111011000100101000110111111000010000000
1110100000101111011100011010100010111110010010111010001010101000
0110100011000101011100101000101011100000010000100000000001000110
1101110101010101011101111001110100000000100100001101110001111001
1011110000111111110100110001000000100101111011101100001100111111
1011101000101110010011111101111100011111011111011111101101111100
1101000111110000111011011000001110100010101100111101011011001111
1011010101010100010110100010101011000100000000001010100100011010
1110001110011110101000011000101110000100000001001101011110000000
1011011100100010111011011111001101001100110100000101010011000111
1010111011001100101011001001100111011100000100010000010001101001
1011101111110101000000011111011110100100100101110010001001101010
1011111110010000010110011110000011001100011001100000100111011011
0010101010100010000001010111001111111100000110001110101001010100
0111110110100100011101110011100011010001101110000110101011010111
0011110000011011001111111110001001000001110001111100000000100000
1011100000000100111001000100011000000101101000011100111111100011
0111000011111101001111001011100010011111110111010000101111111000
0000110000101111100001101011100101110100001101000111010100101111
1101100101100001101011101001110100100000100111000011101100101011
0101010010101110011000001001111010000010011010000001111000000100
1101110101010110010001110010010001010111010011100011010010011000
0011100101000110011100001101110001100110100010010111011101011101
0101000101101000110000000000011010100111100011100010100100001111
0000011010110011010010101010000000011000100101111000011100111111
0011110000110000000111111011100000010100101010001011100011111000
0001011000000101000110111010010000111101101101011110000011101011
1001001010110011001000111111001111000001011011011100101100110001
0110110110010100011110100011011110110101011001000100100001001111
1010101101011001110001010110110110110110001100101010100000110010
1001011000001001111100001011010100110001010011101010110011111000
0101011001110000111001000000100110111010011011111011001111001011
1101110000111101100001101010111100100101010110111000100101111000
0010101000010100000010001110100001010111101010100100100010000101
0011000001010110101010110101010110101001011110110010101011001010
1111001010111100110110101101100101111100000110111001001101111001
1010010101011101000111000000000100110110000001100010001110000010
0010101000000101111110101110100001000011000110110011000011011010
0000000100111100111100000001010010011000000010110110111001110001
1011011111010000100101111111101000100100100010011010010110001111
1000111011000110111100000101101101101010000011001011011011101000
0010001100010100111001000101111001100101011000101100110100010001
0001110010110010000110011111010100100000100000111111000110110001
1011101100101110110011011111010010001010010110010110110110101100
0001011011010001110011001001001110110011010011111100000100000111
1100000111000001000001010110110000110110111100010101110110110000
1010011111111001011111100111111110010000110101000101011100101100
0001100000110000011001000110100010000000010000010010001100011111
1001011110110011110000101110110000110000010011111100000111011101
0001101000100001111001000001010000011011100000110100011101111011
1010101100001010001100011000110011010100100001100101000111101000
0101110110001011110001010001100011100001001111000100000001011011
0000110010111001000000010011110101011011101010001000100001010001
0101001010010101001100010011100010101111001010000101000010010000
1110001101010100100111011011001111010110100011110111101101011001
0111100111011001100001011010111011111110000100010000101110111100
0011000110101000101011011010101110001001101010101010101001000110
0000110011111100100010101011000101101101101001111000010101111101
0100001000100011011001001001111011110110110000010101001110110110
1111101100000110101000110000100010011000101001110101000000010010
0111110000010010110100111111000110110001100111101000100101011000
1111110111101100000011010110000000000000010001100001000000101010
1110000001110110101110101111011110110001010111111111100101110110
0111011001110000000101000100000111100001110100000101101111011001
1000011000010010100011100001110010111001011101001001101000111011
0110011001011001000100011100001100000010010010110001101000100111
1000001101110001010000010110100100101100100010000111100011011110
0010100100100001101010101000101100101010100100110011100100101000
0101101111101010011010010100001001100000100110011111001110101101
0101000000001010101100000101010011010111110101001011010001000111
1001001100000010010000011001010110110111010011111001100000010001
1110110101000100100101010001000111110010100110110100011110101101
0110110001001101101000011001001001101011111101101100010011111000
0110011110011001100111101010001111001111010100001011001101101101
0110101011111010010000111101100001010100010110010011001001110110
0111010100000101001101111101110000011000010111001001010111001111
0001100110010010000000010100001010100010011101000001111010001100
1001111110010000110101001011011000111011100100001101010111010100
1010100001010001101010010111011000001011001111000101110101101101
1100000011010100100000001111100010010000111011111011110111100010
1001110101110110100101111001101011111001000010111100000110011000
1111100110110011100011100101100000011110100110000110101101010111
1010111100110110101111110000011010110110010110101111000100100100
1100111011110111010010100001011100110010111101011011011001011100
0101001010101100100100100110011010100000001001010000110000001011
1000011110111000011010111101110001101100010101010011011010101000
1001101100111110111110101111110000001100110001100111101000011001
1000000010101110111010010101110110110011100000101110001011011110
0101010101101011100100100001100101011000011000000011001111001100
0010101100110110000001111111000001101010111110010101001110000110
0111011111100101110001111101101011000001101111110000100001101010
0111001011000101100010001110110010010010100001100110000011011101
1100110010100111001111110011011111001111011101011100010000100101
1011000001111100110100110001001101001100111011001001101111010111
0010000101001111101000011001110001100001101010001101100000101011
1101011000111001010101010001001011100111101011000100000111101110
0101101011001101000011111100111111101000111101111111110110011111
1111111111011111101111011001000010000101001000001100001100101011
1111111110110011010000000111011000111101000010110110010011010110
0010010000011010100011111110110001111100101110111001101101101000
1001110111010010100001011011100010100000000011111100001000011101
1001010010111101011010001111001011100100111001111011111101110111
1011111000010100101001000110110000101100010000011011100110111001
1010000111111000000010000001010000111110110011110011110100100101
0110011000110101111001110110110100000100010111001100001101010010
1100100000101101111010110100000011100001110000000000100100111000
0110110000100111111010100000100001110001110111111110110110101010
1000000100110100011011110010110110011000011011001101100111100000
0110001010111010000110001111111010111101001010001000111010010001
0000101011010111111000010110110011010101100101110110010011100110
0011011100011010111001010001101011110101110001101110111111010001
0100100110110101101011010100000010100101100101111010100010101000
1000110000010000010011110001100000011000011100100101100010110110
0010001100000010111001000100000010111100000110010000010010100101
0010010111010111011100011101101101000000001110001101011111100110
0000000110000110001100011111100111011110010111111011101000010111
1000110100101011100011111100100011000110110010110011011001011000
0010101010000001111011100010111011110011001101011101010000111010
0010101110000010011110110110111000100110001100010100001110101011
1110101011101101100010110100010101001101100101101011100010111010
1000010100011001101010101010010001111001110110010100110001111011
0111110101110011110111111010111001001000000001100001111001110011
1100011100001101110100100000001000001010010000100010000000000011
0001101101101111001110100101100011111011101000100100100011110110
1111100010111010111001011001111011101011001011101101100110011100
1000001111111101110001101001010011111100110010100100101101000010
0011011011110001101011000010110010110111101000000101011100100010
0001101001001001110110111000110110101010011010011111000100100111
0100110100001000101110011111000011111101101100000100011011111001
0100001100000010000000011010101001010110101001000011000011011101
1100010100101100010010011110101001010111001110100011010001100111
1100101001110011001111001100101000100000100011001100001011001001
1000101010011101111111111111110000011111100100010011111010101111
1001110101001011011110111101011101110101001110111010111110100111
0111110100100101101110100110110110011111010101000100010000001000
0101110101110000011100010101011100100010010101110001010100000111
0010100110100011100011100011010011010101011011110000011111110100
0001001111111000000010001111011110101010001011101011111010110011
0110010111110111110001111000111011101000101101001111111111000101
0010000101100101111001111001110110010010100110100101101001100010
0000111110011111111100110111111111111101010001001110111001000111
1111011111110100100111110011110011001010001000000111011001010111
1101101001110111010111001100100011010001011001010010110010000100
1000001100000111100010010001111011101110111100101101011101000111
0010110101000001000111110000100100110111110011101100110001011101
1100100000110010101111111011000011111011110010000100101111101111
0111101110000100101101010101111011110111111110101110001000001000
1011000111000010001100111011100001110111010000001000011100001100
1011110111110111000011110110100010111111000110010011001011101111
0100111011001111110100110010000011000001111111101100010100000010
0000110100100001000100001000010010001000010110001001100011011101
1010010010100111101010110111110111100111111101011001100100110000
0001010101001001000111111100010110100111011110100100001110101110
1001101111011110101110000110010101001110001011101101111110000111
0111110111111010111110100101011101100101110100111011101111011011
0011100010101010110010000100010111010101100100111011010110001101
1100001011110010000100000111001011111100011011010100101110110100
0100000000111111001010010000100100000011000011011001100100110000
0111100110100111101010101100001101101110110101101001010000000100
1001110111111110101100100111101101111111000001110010100100000110
1001110101111101010010010010010100001000010010000101000110011000
1110111110110000011001111100001010100010001000100000100110110010
1011010010000111010010010000000001111111001100101011011000111110
1111010010101111011110100011110101111101110000111011110010001100
1101101110101011000110011111011010110110110110011010110011111110
1101011011101110101011000111011111111100000000101111000101011000
0100111110100111000101110111011011001001001001000101110111000011
1100010010110111000010101011000001001100011110001011100001100011
0001111011001011100000010001001101111111101110111001011100100100
1110111110000011011111001001010000011011110010011000000001011110
1001000101000011001100001010011100100000100000000011101000111010
0010101110000000111100010010011110010011101001001111000000001000
1000111010011010110100111100011100011000010111111111000011100011
1011111100011100100000101100100000110011011111111000010000110011
0100100010111010000010110101011110111010000000110000011110001010
0010000010101000100010111000001001110101111110011000000001100010
1000000000011001001010111011111111001111111100110100010101111010
1110101100100001101111001111000110000110010001111011100011100010
0111101011100111011101100010000111010100000001101010001000101001
0001001111010011111000100010011000101101001111011101110101000100
1001010111000111011000010010101010110100110101101010100010010101
1000000000100001111000000110001101000100011111011110101111111110
0010010110111010011010001110011110100011110010100010001001111101
0110011101111001110111110111000011010010110010101010011110110010
1001101011001110000000101100000110001011101111110000011010010010
1101011000110100110000110101001011010000110010100011100110000101
0001111001010111110001001101010011001100010011101000011000001101
0111100010101001111100010100011111010101110011111101010001010100
0001001100001101001000100000111001011000100000100000011011111010
0100010000100001000001010001110001011011001100111011111010100001
0001111111100000100100101010001011011001101001011100000111110011
1000000101000001000011011111101110010001100011000011010010111101
0001110111010100001011000010010000000011111111101110001000000001
0011101111010010010001100010010000010011100110111111011010100101
1111101110101001100100101011101001011000100010110000011001011010
0100100010101101001000000011100000111000001000100111010110010111
0100100111101110101100000101001001000101100100000010001111110000
1011011111101010000101100011111101110010000000111101110101101010
0111011000001100010011110000001100011010011010010101110111001111
1100010111101111001101000010111111001101111110010000110011011001
1010001001101110000000100010101101110001111111000001101001010110
0010000000001101010111000011011101111011110101001100110100011011
0111001111001100001010101010101110111001101010011000001011001011
1101011111110100110111110000110001111110001000110000111110001101
0000110010111001010110111011111000010001001100110011010011101000
0110110101000011010000101100101010100010011001100000011111001000
1011001011011101111011011111110110000111010000001100000011000010
1110101000000010111000101011101100100000011001110100011011001100
1001100101100110010101101100101100110111001110110000000001110011
1101101000001110110011110000101001101101111001010011110110010110
1101001100110100111101001001101001010000101000100100011110011110
1110100010101000111001100000000010100000100101100001100010110000
0011000011000001000000000100011011011111111111100010001000111000
1001111001110111110011111010001111111111111000011110100101111111
1111111000101010101011101011001001100100110100100001010100101111
1000111011101000101101010100000000100110010100110101000111110010
0000001111110100101110011111100010100000001010011101111101011101
1011010001001101101000111010101000101110110101010000000011101100
1010100000110111101100001001011001100010100011100001111100110110
0000011011101010000010001011100000001101100100100000000010001101
0100110011101000100011101110110010000111110001000010010110000011
1101110000001000011001001111000111001000111000010100101100110000
1110111010110000011101011100011111101000000110010000000110011010
0000000110011111110100000001111010101001000010100101100001110111
0000100010000100101101000111110110011111010000111100111000011011
1010011101110100010000100010001010000001111000110010100001100100
1100100111101100101111101110111110110100010110011111101000111001
0011111111110101000100100111100110001100011011101101011010111100
0010101010110111110100001001011011001110110100101010110011011011
0100000101101111011111001000000110100110010001001111110101000100
0100000010110010100111001100011000110110011010101101101101000111
1100001101001111011100110101100101100011001001011100111101111110
1011010101011011010001000100111010101010010101101110010001001110
1001010111000010001000111001110100011010001010010110100000100110
1011110101111101110101011010111101010010010000001010001111111000
0010010100100101110000010101001000111000010000000111100111010101
0000000011000000011100101001011000100111000001000010001101010110
1001110111100011000010011101101110001010100011111111000010111010
1101111001101010011010010101111011111111110000110001001111011001
1111000011101100011010101111000101011000010001101100011111001101
1110001100000011000001111011111000100110111111011111000010111011
0011011001000001000101000100101100010001001110101001101100100010
0000001111000010111101000011111100001000010001011110100001101010
1011000110100110111100001110101000100110001001111110000111110100
0111100110001000010011110100100100100111000100011111110001110100
1001000110010011001110110010011000101101111100001010111001101111
0100001110000100111000010000001100000100010001110000010011011100
0111011111101111111010110001000011001101001101001100110100111111
1100110010110011011110111000101010010110101111101100001001101111
1101111101110001001110110001111111111101100011101000010010000111
1101011011110101111011100010101110100011010110100011010101110101
0111100110000100011000011101001000010100111100011100001000110111
0011001000001110010000001111111111011110010100000011101000111000
1101100101101101000111010011010011111010000011001111111100011011
0111111001111101100101110101011110111001110000001001110101011000
0000010001001010001010111101010100011101010010100011100101101011
1111101000110110010010101101101010001010111010110001000110001011
1011001111111001000010000110100010110001101010111101111011011010
1010101010111111010100010001110101100101110110100101011010111001
1001000001100100111000010001001000111101111110110001101110110011
1011110111010010111101111011000000100100101110111100011001111010
1001110001110010010110111110110000111001010000111010010011101100
1011101001110001101010000000101001000101111000101111000100000001
0111110111011111101000001011010010101010100010101111110001110111
1101111000001111111101000010110010101110110111011100001111001101
0010111110100110111100000110000001010000111011010000001010000101
0101001111101010100001110111101000111000111111110100010101001000
1110110001011101011001010100111001000100010000010001011011110101
1110111101000001101110001110110100001000110000000100110011111001
1001011110101101010000000101001101110011000110111100101100000010
1000110011100110101111110001010001111001111110001100101111101000
1001000111000001010101010010110101100110110101001010010100101111
0101011011000111100101000001111000001001010100011011010011110111
0001110110000010000001110111011010101101000010011101111111010101
0000111000100001011011010001001001110111001110000011111110110110
1010010101010101110011100000000010001100110100000110101101001101
1001000100000010101010001111001010000111101111101011000000110010
0110001100010110011100101101010001011000010100110111101011100011
1111011101011011100111010110001000100010001010011001000010110100
0100000010011111001110100110001001110010011110110011100001100111
1101101110100001100100100111010000000111011110000100000000000001
0100000111110000001000011010110011000110011111111000010110010010
0110010010101000100100001000101000000010011100111101110111110001
1101100001111011001100111101111000100110100011001011111000011010
0110001110001111010001111001101000101010001011011101111110111110
0100001001110111011110010100010011001000001111000000001101111111
1101101011010111100010000110010111101010011001010101001100010001
0011010001010001101100011011000100110101000000011011100101010000
1010000000000010101010011000011000111011101011001010100010101110
1111000011011110011110101011110110111010101100110111010010001001
1011011001101101001100011000111100000110000010100111100011000010
1000000011010000011011111011000111000101011000100010001000010000
0100001111010101110001010000011000011100010001010000111011100101
0101101010000110001101011000101011001000111101101000101001111000
0000001100111001010010001011010101100001011001101011111110100010
0101101101110110001011000111011110011111011000011100111001110100
1001001111011000010110001101110111101110011101001110010010001010
1010001101011001001001010001100101000011001101010000100101101001
0110010001100001000111101110010101011010110001001001100110010010
1010110011110111111110011111100100011001111111110001011100110100
1100010001011010000101010110110101100110100111001000111110110010
0110100101100111100011100001110100010011000111011011000110000011
0010111101010101000100001011010010011001100100011100111101001010
0111000101101110001010011001100011110010100100011001110011000110
1010111110100010011011100000011001100001100000111111100001110010
1011110011100100011011111001000110010101101100111001010100100000
1011101000010001111110110001001000111111111100000101111000110100
0011100100000001011000110111111111000110110000010011100100000100
0010101111010100110010000010111111100111111101111000100110100011
0110011101101011111101010100100001111011010111000101101011101100
0101111010000000000001011000111000110110100100010001110100011001
0100100011101100101000001001000101101101101001111101000010100111
1100011101110000000001111110110110011100000110101100000011000100
1110010001111000000010110101000011110000101101100100110001100011
0001111111010100110011000111010001111010000111000100101001110001
0100110010000000001110001001111101101011110111011101100011101101
0110010011000110000100001111001000000001010000011011101010100100
0010111010110100010011001000111111010000001100100011100111111111
1000001010010011111100000001110010011101100010000111111100001100
1000010101100010000011000101101011001101111001111110001010000111
1001100001110011110111000010011001011001100000010001100101010011
0000111101110101010110100101111101111000101000000101101001101010
0100100101101111111000001011100000111000001001111111010011111110
0111101010011001010000100111101000100001101000110001011100101010
1101011011110011011100111000010101000000100101000001101011110011
1001110010110111010111111110011110101000001010000111000111110011
1111001100000111110000100010001111100111111100111111001110111000
1000110001001101110000111000010101011010100001111011001101001101
0011011000010001000101011001101110111111100101101010010010101100
1000100000011111011111111001110111001000010010011001111011101001
0111100000010001001111000001001111110111011000100000010111000000
0001110000011101111011011110011000110000000001011101001111000111
0101101010101100011000000010000010101010001011000111010011011000
0011010110011000110000111100000011001011010000110001000010000000
0110100000100111001100011100100010111110001000001011001011101010
1001110011111100000001101100111011011001010010011100100010100101
0000100111100110110101110010100010000100001000010111110000001001
0111100000111010101000001100100101110101011000000000000111111001
0000001100010011010001000010011110010000111000011111010010110100
0111000101100111101011011101111001100010010001100110110010000101
1111010111010011010101010010110110010001111010101011010010110110
1001100010100001000000111101000110011011011101111110011010010101
0111101101011101011011100110111111010010110111100010001011100011
0111111111010000101100101011000101101100110000110000110111111111
1100111011100011111101111000001100101101100010011001100101010101
0010001010010100101000100000010011001001001001101000010001100011
1101110010000100111110101000100001100011011100110101010011000101
0010011001001111101101010010111110110011010000110111010000111101
1110001000000011111111001111100010010010100011010110101011101101
1001111011100010101010111110010011101001101100000111000101111001
1001001000101001101110011110011010000010000001110011001100011100
0010110101001010110000010111010101010011110110010001000110010111
0000100011110000110010110001010000010010101100000011110010101000
0111100110100110000101011011111111101001010101101000000101101010
0101101010100001001011010010110100011110000000010101101111100101
0110011101000001101111101101000110101011000010110010011110000101
0001000100111000111101101100010101110100100000010011111111001000
0001111101011100010100000001011111100100001001101000101011111110
0101011001010001000011100001011011111010101010010111100000011110
0001010011100101101111101101010110110111101010101110110010100010
0100111010010101010100111010010011111100001101111000100001011110
0100001010010011100000000101010001100101111111111110011011110010
1001111101000101001111001010011100000111000111110001011110100010
0110101010101100101001001000101000010000011010001111001111011001
1011110100111000000101001111100110110111111001010001000011010100
1101000001011100000100010010000101110111100000111100111010011010
0101110111100101101011100010110111111110011010000101000000010110
0001000001000001110000110010000010001110011101000111101101111101
1001001011111110100010000011011000000000101011001111001000111000
1100010000101111000110111011001011011101111100110101011010100111
0010011110101001110010011010110101111101011001100110011111010101
0000010001101010000011100100011001001110001000000010001110101000
1000001000101001011000111001100000100110000110111011100111110001
1011111101100001010111110100100100010010111001000010001001100101
0010110100010011001000011011101000101100000110010111101001000100
1001100000000010101100100101111001000110010111100011000000101100
0111111111100010001101110100001011111000010110001000110100100100
0011011010101011011001000110101001011001111101110011100001101101
1011111101100100001101010000001110110111111011110110100011101111
1111110001101101110010101000011111001011010110011110010111100101
0101101010010010001100000111000001111001010101011110110001000101
1011001100010011100000001110101101111000011011101100111100000111
0010101111110110011110010101101010101010000000100111000000001101
0010001000111100100011100001110111011111101110100011011001110101
0101011000101101011011111000011111100101101100001110100000011110
0100011110000001011110000101111010011010101110100100100000000111
