0001011000010100100001100001111000010010110100101100010001111100
0111000110111111110010111000001001001110110010110011000000110111
1100100010010111111110100001000011100010110111011110111001101010
0011001100000001010101011001011000111000101001101001100111101011
0010001001100101100001010110010101011111011010001000011001001001
1111111110101011000101011001111010101111001110101001001011101010
1100110100010010011010001111100110011010101000101111101011101101
1001101111000010001001101110110110110110010011101100110011000110
1001001100010000110111111110010111100100101100101011110100101101
0010001001100101100111001000001101100111101011100101111111111101
0101010000001000111100110110011001010011100011100101010011111010
0111101100010010010010101110001101111110000001000101111100100001
0111001110110001101100101000011001100000100000010001011101011001
0100001000100000001000101010111000110110011010101100111111101110
1000110001111000111101110010100001101000011110011111110001101110
0100000100000000011100100010111110100001100011100110101100100011
1010001011010101010000111001101110011100000001011100011111101111
1111100001101010000010111101011110100000100110000011110000111010
1111110100010111010011001110110110111000001110010000110001001110
0111111110100111101110010000011011000000001010011110111100110110
0010001110111010111001000011001111100110001100011001111011010000
1011010000111100111000111010110011111001100011011110010100001000
1010101000101100110010111111101111111110010101011101011100010101
1111111011001001110010011000010110110001111000011000101100101010
1110101010001100010011100100111001001001001100111011000100011110
1101000110110001110000011111001100010101001001011101010011010000
0000001000011100011001001010000110101101001110010110010001110110
0000001111100100100101110110010011000000001011100110100111100011
1000011010011110001111101001111011011110000010000010100100101010
1010001001011011011111111110011001101010000010000101001001001000
1110101000010011111100000010100001100001110111010101000101100011
1101010000111111011010110011111010111111011011000100010110011100
1001000011111010111101101011101111110010100000100111000010010010
0001110001111100100011001101011001001111110100101011000010000010
0110010011001010101010001010111000100000010000100101010001010000
1000110000110001000100010111010001100010110000010101101000000100
1111111000000111000101101110011000111100010100000110011110001100
0101110011111011110010100001101011100100010011101001011011011000
0100111010010000101011100010010010001100011100011110000111001110
0110000000010101101101110111000101100100010100110110101101000000
1011001100110101011111111011011110111110111001101110011010110110
1010000100110100110001001000011111110001001111100110111100010111
0011011101101010101100100011001011001110001001000011110001011010
1100000011101101110000001100100110011010001000000010000001111100
1001010111111011000001101010010010110110000110100001110111111101
1111000001010110001000000100010101011011011110000000111110111111
0100101110111110010100011010111010100001110100000001000001000000
1011001000001000011110010001100001001001100011101110001010101010
1011000010101010001001101101100001010010000010010111001001000000
0010101000111100100100101001000010111010110010100101001110100010
0011010001111001000100101010110100101001101110111111111111011111
1001011110100110111100111010101010011000011000101011111010101011
1111010101111001100011010100101111011100101001101001110101110101
0100000000001001000010100001100110111100101110010100011001100000
1111111101100100011100000101011000111010000101011010000000100001
1000000100010110000011110111011100010110110100010010100100010110
1011000011010100011011001001100011111010111111001000110011011001
1010001000010111011110110110010010111001001100101110001010111111
0100011110011000001110111001001101111111000011000101100000011001
0010100010000001001100001011001100001000010001100000100110110111
1001100110110010001000111111000100011110011100100010100010000001
0010111100000011111001111100001001010001000101001011010000010000
0101101101001100101110101111100100101000100001110001100011100001
0001011001101000011010001110000010000011000101000111101011101011
0001011101100001101000011010001101100111000110100111000100011010
0000010111011110110000110001100001011111111101110101111100111110
0101000011101000100111101001101010011000011001011110110111011010
1101100111001101101011111111001111010100100101100010100000011000
0010011011110001011001010001111110100110100110000000111001011111
0000010110100100000000001000011000110101110111011101100100111010
1011101101010001101111000010101010000101011101010110010000000001
1000001010011001101001100110001101010001010100100010000101010000
1100101110011111101010010110110000111001100110111010111010110101
1110101010101001011111001010110110011110001000110111101010101111
1011000110101110110101001111000001001001010100110100100100111111
0111000000110111010110101111110111111010100001001010110011011001
0010001000101101000110011000110100000010110010110011101110110001
0001000101100000010011000011110010010011111110101001100101110001
1000000011100000101001011111111011111110111111000111100001101111
1111111011001101010000110010101000110011001101101000001110100000
0001110001101110000000111000000110011011000101001111100010000110
1110110111010110000000010111000100010110011101110101000000100110
0000011101011101101101001011100100101010011001000011011101011101
0010010101000101000110001101000110101010110101000011100111011001
1011010001101101110100111111110100001001100001111011000110010111
1100011001000100001001010010110110010101110011000100011000111101
0000110100111111011010111000111100010101111111100001101001001010
0110110011100001001101111001110110011000100000100110100001000010
0011110111010000011110001111100000101110000100100001000000000010
1101010101111111000111001100111011000111100110010011100110010011
0111101101001101010111100110010101111011111101001110001110001001
0110111111100010011001000011100110001110101000100000000000100000
1110001100001101001010011110101001000100101101100100001100001001
1000110001000001001100111001100001001111111001001111010001000100
0100100100100111011010001001001110111111010000000110111111111111
1111101011011111010101101010000111101010100111011110011100001110
1100001100110101111011101001000101100101010100111010101111101010
1100000010101010101010111001101110000100100011010110001000010000
1101011111001010001011111001110010111011010100110110110010111110
1000110001011000001011001000011101100101101010101000101100011010
1001001101110101000001001010110000111111101001011001010100110101
1011100100111110111010101101000100100111011010010101101110101111
0111011011110101101110011100101101111100100111011100111100010000
1011100100101010111011001111010100000001101101000110000110001100
1101110011011011001100111000000011111010111010001111100000001100
0000010100001101010010011001111101100000000011001101110101100011
0011111110111111110110111001110001100001100001111111111010011111
0001111000000000010010000001010000011100111100111001111101110010
0101111001001011100111011100110010011100110000010100010000100000
1011001010111100001011101001010001100101010101101001001100010000
0111101100101010111010111111000111010010000001011111110001101111
0000110010001110010100011111010001000010101001000110000011111110
1101101000000010010100010110111110111100110000010110010010110001
1001110001110101011000000011101101011010011100001100010100000011
1000010110111000111001100110011110101001010111100100000011000111
0111011110100011111010100011111101110100000001101000011101110010
1010100110100000011001001000100000101001000110101010101010111011
1100001110000100011000110111010011111000101000101001010101111101
1011110101111110101001001111101100111110000110110011000000111101
0111111000000101001001101111010000001000111001011101011100100011
1101111011000001100100100011001010101101010010100001110101011111
0000100100101000111110000000111100000110011001101101011101001001
0000001100100101000010100010000111100110001001110101101001100011
1110001000010111000010100110111111010000000010010000111010101101
1011010110011001111100011001111100100011111000101010111111001000
0101011100111111001010111101010110010010000110000101000101111000
0110111101000010001111000000111001100111100001110000101110100010
0001100010110110011010001011111011111011000010001010010100010100
0111101111110101000101110111000011000100100011000101001001111101
1000101000010011101110000001111110001101110111100110000110010001
0100111100100101111101010000010001100100010101000001000110101000
0111100110000100101000110010101111100010001001101110010000010101
0001010001110101000011101011110001111110010010011101100110000001
1000110000100110011110010000011011110011101000100001110010010111
0101010111111110011010100001111011010111100101000000000111010110
0001000100100100000010000001000100110100001011011100101110101010
1001100011000010100001100111000100011100100100111111011000110000
1101011100110010101101000010100011101011111101001000000100110110
0110001110000110101100010111101000011011011110101111111111101111
1101011011001000110000011000110000110110111100011110111000111011
1010001110100101000111111111000101101100000010001000100101111001
1110000001011110011001001011111110100001100000001100110011100010
0111001000001010100000000001110101011100001001100010011111111010
0101011111000001011101001000100010010001110010001111101111010101
0111101101110100100000110010110011011001001001110000110001101011
1010100010101110101111110011001100101000111011111010001011000100
0000111001100010001000010001010100001001010101010000111101101011
0001001001001101110101011000000100111010100010100111110111001100
0000001001111101100011101100100010000111111010101100011000001000
1110001000111101000001101010111100001101011110100100010011010110
1110101001101100001010011001010100001011110111100011001011101111
1101110111010111001101111111111001100110001100000010010101000011
0110010110000110101100111010111110011100100100011010111011101101
0001000111111110110100010010000111010011110111001001000011110100
1010100011111001100011101100011000101000100001011000110000010111
0000000001011001100100111111000000010100110111110000110110011011
1101101000111010110011000100000010000001101011100001111110111000
0111000001101111001011011110001010110011111011100101101010101010
0100100001110110111100100011100110001110010101001100100100111100
0010001010111010010110011101101101001101011000110111010101001010
1100101000100100100001110111111010000101101000011101110111110010
0010001101110000110000100010001010001011011010011001101001001100
0000011110000010001111001001100001100100110000001010110111010000
0111010111101001011000000010000110111111110011100001010000011001
1010110111101010101101010010010011111111110100101001011111001100
1100000001100110110001000100010000101101100111110010010010010110
1011000010001011100110011010100101110101101101101110111001001001
0010000100111000010001101000011100011000011001011111111110110000
0001000101111011111110001100111001011110001001000101100111010010
0001100110111011001100110100010010010001010101110101001000010111
0000001000111000101000000011110110110111111111101010101111000100
1010011010010011100000011101000011000100001100010011100101110110
1011001001101111111010001110000000101100000001000000000101000110
1001000001010100010100101111110100000000011111011000010011100110
1111110000100000000111010001111101110101001111011000101011000100
0011001000010100111101000111010111001100010101011100100000110000
0011010111100100110111100110001111111001101000111011001100110101
0111011111110110100101001011010100111001011100010111100001110001
0100001111111000111101000100001110100110011000101010101110100000
1011100011110011010110001010010000010111101111100001111101110111
0010010101111111010100001001000111011101110011111010101010101110
1010100000000100011010100001000001111000000100101000111101001100
0000100001001101100010000010001100011011100000111010111000100110
0101111111110000000011101011100000100100001101011011011111110110
0011000011101001000000011101010111111001111100000101110111011011
1110011111100100111100001100000001011011001100100011011000011011
0000010000111001000110100100111110001010111000100111001101101100
0011000010001010000100000000011000000010010001110011100110100110
1100011101011001111100000010101100000110100000011000111111111001
1111011110101110101101010100011010111110100000011010001010010001
0001011100001011101110100100001010101010000100000111100110000110
1011011110000100101110100110001100110110001010001010001101100001
0100100010010011100001110000010001101000011011000010011111011111
0010010101100011110101110110101000100000111100100111001011111011
1010111100001010101011101010000001110001111100100010100011010011
1101100001111100111000110000110011110100000011011101010100111100
1111000000010100001000011000110111111100010000000111101011000010
0010100011010111100101011000001100010010101111001110010100111101
1011111111100000000101111101111001100000011000010000000000100101
0001000100000001010100100100100000111011001100000101100100100000
0000111100000111000010001110010000000110010111001101010101001001
0011110010100001111101011111110100111110010101110001101000101110
0001111111111110011001001111111100101111100110100110010000101001
0010001110000001000100100000011101110101000100000010010100001111
0000110100011011000110011111100011110100011111100001101111010001
0100011110001100001111100110110101000010100001011010111011111010
0001000101011110000101000110011010101001000010001001011000100010
0011100001111001110011101110011001111001101001101011000110010011
1110001111101111100100000000010110111001010010101000010110100010
1110011000000010100010110010110011101000000101000110000100001111
0011010001110101011001110100110110011111110101110110111001100101
0100011001111001111111100001011111001110011101001000101011100100
0001000110000111100101000100111110111100111010000100101010011001
0110010010011101100111110010100001100011110110111000110000000111
1101011100111001101110001101010101110011000011101010110010000010
1100001111000011111001100101000001110111100000110001011101101011
0110011001110000000001001110100110001001110011100010101010010111
0011011010001000100001110110000011000001110101111111110000000111
1110000010010110101100000100010001001011010011000000110111000001
0111001100100011100111010111110010000001100100000110111101111111
1110110000010110111100111010100001011101011101101100101000111101
0100111011001111111100000110000111110000111101000110001100001101
1110110011000000011110001011000011000111110110001110001010000010
1001010110010100110101100011100101110001100010000101101100101011
1000001111111011110010001010101011100010111101000111100001111010
0010000010100001001011110001110101000110110010011100111111011010
1110011010011111110111000110000100000110110111101100110110001011
0100110011000001101101010000101100101011011111111011011101100001
1111011001001100101111010010000001000100111110111001011000001011
1001101001110001101101111100010001101100010111010001101000000001
1010100101001000010000011100100000111001100011101111000111000110
1011000000111110101000111000100000000011001011010110011011110011
1111111110101000100101010101001101000110010011010000101010111000
0111101010111110001000001110010000101101110101100000101101001101
1000110111101101100100100000100001010010000111010001110110010111
0011100000101111111111010001100001111001010110010011011110011000
0101011100001101011000000100000011110100001101001000100100000110
1100000010010100101111110010110001101010000011000010100011000101
0011110011001101011000011000001010110011010000111110001001111010
1100011101111001001110000100000111111011001100101011010111100011
1011101111010111111011111011000000001011000000011101110111001000
1010110100001110011111011100001010110010101010000110101011001000
1110001110001000001001100001010101000100011000000110100011000101
0101100000000011101110111101000001010000000100001000100110101000
0110111000111110100111110100111100001100000011110111011110101111
1011100010010100001000011101011101110001110001101111111001001010
0110011000111011101111111010101111110100101001011100101000110100
0101000000000000111011001000111110111011010010011111011011001011
1000001010111101111011110100000101001011111001001001011101100000
1101010111101100010100110010010000010010010011001101000111111111
1100100001110001000000011111110001100011010001000010100110001010
1001000010101110001000100011011111110010111111001101011111111010
0001111010110101010001011000000101010010010000100110001101101111
1011111111011000010110011110110010111010011110011111111000100010
1100000000110101110000011011011101111111011011101011001111101000
0100111001001010011111011100110011110001000011001100111000001001
0100001110111001001001010010110011101110011000000001100000010011
0100110110111010100010000111011000001011001011111010011111000000
1011111110101010111110011001111101011111111010100010100010101111
0011111010010011111110001100000100100100001000111000111000100111
0011001111110100111100001011001000011010111000101101010010100011
1001100101111000010000001011111011110011111011011010000101010010
1100101110110011000100100000010010010001100000000110110110010010
0110001100000000111111001010001000100000100001111001100011100010
0011101001100101000010001000100001111000001000111110000101011011
1111001001101111101101110001011000101101000001101000101100101101
0011101001000111101011100110101010101001001010010001111011011111
0111001101001000000110011111100010100010101100110110010101001000
1011100101011110001011000101011010010010000100011011010001101000
1001101110000000100000110101000100100010101111000101001000110111
1000011001111000001011100110101100111100111100001111100110001111
0110110000000000100110010010100111111011010110100000001111001100
0001111001000000010111110111110010110000011100111010000011011111
1111110001001010010001110100000101110010001101011100100010100011
0110001011001110101000100111000011011101100000001001111010110100
1111100000000100101111010010100011011101101100101011010100100000
0110010011010001101001111010111110001011010100000000111000110111
0111111101001100011000001001011101101010011110101110000001100011
1011111100110110011001010100100100001010001101000000000110100001
0000010111001100101100010011101111101110110000000111000111101101
0101010100000000010001001011101100011000100010111100011011011001
0100001011101010100100010011001110101101100010001010000111111000
1100101000000011001010010001000010111100110010011011000101100010
1101100010111011010101111100001111110110110000001110011111011110
0111001000001100111000011111011111010001111100001000001001111000
1100010100001010100111111000010100100000111110110101010111000000
0000001000101101111110000000010000100110000100011100101100011000
1001110011101011000101110101101000010100001100100100001010101000
0010101111111100011110100110001001000111011101001110111001011100
0101001001101100000001011001101000101001000010010100010010001001
1011100010000000101001000100011110111100000100001011101010100001
1000011101011000101110011110001111101100010010111010000110000001
0111011110010111010111110000100011100010010111011101011110100000
1110110110001100000010100111000001111111110000101010000101111100
0000111000100101001110110100111000000010110111111011011000001111
1010000111000110100100010100010110011100000111110110001101000101
1010110001111000111101110101011011001111001001000011100001111110
0111001110001001010110011011100110001010001111110001010001100110
0110001010010101100001011100001100010001001101001101010011110111
1101111000101001100110001110110000011100101111100001001001111110
0101110000010101010010010110100011010010100110010001110101111100
1100110100100011100110101000011111111101111101100100010110101000
0111011110101101110011001001110101010001010100100010111000010011
0011011101101001011001110101111101101010110100110001000001001100
1100010100000100001010101011110100111000110110110101011010000011
1101110101111010010000111110010011010001110010101000100101110101
0100111100011011110000101010100000011101000010010010000111010001
0110000110010100010010011001101111010101100100111110100011110011
1100000111011000000011000100010110001011000100000011011100100101
1111001111100100111110110001111110000111011101001110001110100101
0011001101101000110010000100010011000100110011010010100111111011
1101111011000011100010111010110000001001010000100011001011010010
1101011100000110100011000001010101000100100101101110110000101101
0000010101011100101111010110110101110100110011110101001011001010
0111111101001110100010100011111000000101110110000101101010000000
1010010011110011111111000010011101010001111101010101111001101101
1101000010110111100111101101110011111011110110001010111001101101
0011010001000000111011111000011100001011110110101110000110010100
0001001101111010111010110000000000011100001100001000100101010101
0101010001110101010001001010101011111010001111010011011001001001
0011011010110110010011101110111010101110010101100111001110111010
0001000111111001010100010001000110101011001110101010111001010101
0110100000011111000001111010110110010110000010110001010100001110
0101010110110111000010011001100101111010100001001000110101100010
0111101001011101000000101011101110111010100001110000101000101100
0111010001011011001001011001001100110110111100010111111011111010
0111000001111010011000001110111010011100110000010110011101111011
0101111000000110110101011010000100101011011101100101111101111001
0110000000100000001000100101000000001000001011111000111100001010
0110101010000100001010100000110001110001001110111011101011101001
0100101011101011000101111011011010011111100101000101010011110111
0111011000010011111000111000000110110010000011100111001001110001
0000001001101010100001001100011000010100111000100010101011000101
1101110101110100101110010111101000111100100101010110100000101010
0110000001010010001010101100011001100001011111110000001000100001
1001111111111011000001000000011000000010001000000000101101111000
0100010100100001000110101110001101111111011010111111000011101011
1010001100001101001111101001100111001010000000001101010000001000
0011111110001011110001010001100101011111101101101111000001110111
0101011101111000101100101101111010011010011111110111101111000000
1110100010100001011101111100111100100000110111001011110111100101
1001111110010100111011100110010110011011101011100100000011101100
1011011101011100101001111111111001101001001000001001011000010101
1101000101000011111100001001011111001111000110101001100001001000
1100001110011010000110001010101010011000010111111101110000011111
0101001001111101100111010100011011001100110010001111001001100010
1101010111000100011100100100110010100011111010010100001100000000
1011011001101011010010000000001100111011111101001011110011111100
1111011101111000001010100011010100101110100100011111111101111110
0000101110000100100011011110111100100011010111000000000100001010
0011100001100011011101001000001000111011111110000010001110111011
1000110101000101010100010100101111001100100000110010100011001111
1011100011011010000011101110001000000010000101000001011000100001
0000000101001101000101100110010111110101010100111111101101110010
1110101101000111111010111000011110111100010100001001001111100101
0000111000101110111011001110111100111111100110110011110111111000
1100101100100110001100001100001100000001001100010010011110010111
0101100110000110110010100110010011010101001111000110110110101011
0110111111000100001001010000010110100110101111110111000000011100
0010000101010100011010011000111101001110001011101011110100100101
1011001110110010100001101001011001000010001011101110110000011101
0111000011011111011000101010011100001100111100011101100100111110
1000111011111101010001001010111001011101101000110001010001100000
1010101110111000100010010000001001100010111001111000000110000111
1110011111110100001001111101000111100110011111101101010001111000
0110001110001010011011001000101110101101000100001101000000111011
1110011110110001000101001101000111100101010100000011010010001011
1111000111110100100001111010111001110100000101110100000100100100
0001100010101011000110101100011010101000101000101111111010001010
1110010010000000111111011111000011001011101101000110000011101011
1111101101011111010101110010101101000110001000101010101011110011
0111011101001011010110000010100111010011011101100011011010101100
0000101001011101011111001010001001001000010001000000101010010100
0101100010010010001010000111110100100110110111001111000010111100
1010000011010001110000010001011100010100010000011011011000010110
1110101010011011011101111001000100101001001011100000101011110011
1011110110000101101100010000101101100100111111100100001010100100
0010000110000100001000101001001000011011100110110000011011111011
0000100010100111110100011000101110000100010101010101111000011100
1101011001010100001111110011100000000101100110000100101000011101
1011100000000100111011100110000011011011100110110100111110000110
0001001101001000111111110111101100001101001000111010001001000010
0100010011001000111110110010000111000011011100111010011000001001
0100000100101001111111011100100011001000000000101000011010000100
0001011111101111010010101110001110100000111110010001001100100011
0010010011010100100011000110101100111011011101100110101100101001
0110010110101001011111000100011111100001000010001000110011110010
0011000010101000111101101100111100101110010110101000011010010100
0100010101111000001100011000000010100111011100111011100011101000
0111001001100011101101011101011111111001010001011011010001110001
0100000111111011100101100111000101001101101111000011001111001001
0101001101000110001011101010000001010010100000000001110000001001
1000000000100101111010010010111101010110001101001111100111010000
1111001001011101010100111010101001001010001010010001010110111000
0101101100111010010001011001000010111001101100111110011110011000
1010000100000110110010100010001010101001010010001100011101011110
0000000111111011011110010101101011000100000111111101011000011011
1100000000000111101110011100000111101101011110000001011000000000
0111011010000111100111010001100000010111110011011010010010111010
0000111111111100001111111100101010111000000101011111011100100110
0101001000000010000000000000010000000010010110001011100111001001
1100101011101010100011010100001100111111111010011111101101101001
0100010100010001001101011101011111110010110111010001011100000101
0011110011010100001110010001001011100111010100001011010101101100
0010010000111001011001100000001000011011110110001101110011010000
0110000110011100101111011110000111100011010000011001010101001001
0000011111000101101110010110001100000001000111100100000100010100
1111110100010001101001101010101110000010100111100110111101100100
0011011111111001101000000001010011101010110000010100100110011110
1110001000101111100000000100101011110000100111101010110110101000
0111100100010000010000111101110001100100000000111111000000000000
0011110111111111100101110100000010010100000011110111011011001011
1000010011111100101111110000000001011110110000010110010000111110
1111010010000011000010101101010111101110111101010110000011010011
1111010111100000000000011100000010001111110101100001111110111101
1111011000010001100100010100101101011001011101100011101110110000
1011110100100000000010110001110011000010010011001110011110101100
0011101000001011000110110010110110010101101101110100001000001000
0101111101001011001111101000100010001101100101111111000001111101
0011011000000111011000101010000101001011101010000011010001110011
0111010000110000100010100011111010011001101011010110110010001100
1100111010110011001101011000110000100011110110001100101111101011
0001110011100100000111101100110001000001101011011011000000101010
0100101101100000100101000010010111100010110110101110110001101101
1001011101100010010101011000100011100010010011011001110111100001
1011001110111000100110111101110001001110110001110101110010111001
1011110111100101110110000011001100100100000110000000000000001011
0011000000000010110001111100100010111000100101010010100111010001
0100011100110010011010111001101100111001100100011111010101000101
1011000010110011111001000000011001100000111001011000100000110000
1111101110100111110100001100000111100111000101010101110011001111
0001110011111010110011001111101011101100000100110001000100111010
1110000011001101111110010000111110111110000000011011000001001000
0101101011100011101000101001001000001100000110100100100001001111
1011110100000110100001011111001111110010110000010101111100101011
0101101000100111110111010001001110011010000100110111011001010001
1000010010000001111100101000010001110101011110000111100000001010
0010100111111011110001100110010011000001010010000000110110010100
0101000011111100101110100000000101100110110010110001110110101100
1011001000010101111011001101110101001110010110110000100011000110
0110110111100010000000100000111101001110001100101100011000100110
1010111111111110010101101110011001010110000110100111110000011011
1011000000110001010110101011011010001111111001010001100101111010
0111010010100100111111010110100000111010000010000010010101010110
0000011001110001011110110100010001110110101000101010110101100001
1110011011000010000100001111100001111100100101001110100001110111
0111010000011101010010001010000010011101100111010101011000010001
0001010000011000001001100001011001011110100101100010000001110101
1110001011111101000001100010011101010111010100010100001001000110
0100001001111010001101110100100001110001001001010000110001100101
0011110000011011100010011010100000010111100110011100011111100101
0101010111100110001001110001001010011110010001100011000011010000
1110100111101000101000000100011001000111111001010100000001011100
1001101011100110010110001011011011100001100110111110101111100101
1111000001101001101001110101100101010001100010001111010001000000
0101111100000110001000101000111000001000000011101100001100001100
0001101001101001100010010100100011010000010001111110000111101110
1101100111000100011100101111000101011111100111101111010111110101
0011010000100110100010001001011000101000101010111011110010001101
1001000010010100110110110111010011100101010110010010000100000001
0011101110001010011101000010101100101110110010011000011101111010
0100011110101100010001000101100111010100011001111111111011111111
1110101101110000111110011110000100000100011101100010001111100100
0010000011100011010010000011011011000100010111000101011010000111
1110110010011010000111101001000010010010110000001111101111011001
1011010001010101010101100000101101001100000111111100001010000101
0101110100010010111110100001011101000111011000011000101010111010
0010111010100010011010011001011001011001100000110110011001110110
0101111111000110111100001010100100011000001001010101000010000100
0000010000101110100010011010000101000011101010010100011100111010
1101111000001101010001010111010011010111110111000101101001011101
0101101000100010001011000100101110010110101010000011000001001100
0100001100101000001001100110010011110001010010000010001011111111
1111011111110010110101001111011111101001010010101011010101101001
0110100010010001110000100011010110011100000011010000111011011101
0100010111000000010010000001101101101000100000100100111010011000
1010111101001111011100111101111011000111110010101011110110011010
1001100000111110000100101100010100010100111001110010110010101110
0011100101000000000101011111111110000100111110111010100001011001
0101011010010100100010010101100000000110100001000001001110011110
1011001100010101010011101101011110110111010000110010011010000111
1001010000101001110011010000101010111110011111100011011011101010
0100101000100000011111111101011001010110111001000001010000101011
0100111110000110110001010111011110100101010010100110111101001110
1000011011010100010101000101101100000101010010001001001111101010
0010000110001110010001001010101001000110010111010101111100001111
0010001110000000001000010000101101101010010011000101010011111010
1100110001110000010101110100001111000110111001001111111101011111
0100111101100000010000010001111101001011100101001101011101110000
1110101000010101011101100011000001010010101100000011111011110100
0011010110010100111100011011110011010100011011001011011100101100
1011110110110100110000111011001110001010001111000110101100100110
0011000011001111111000100001011001001011000011010010100010111000
1001111000111010000011011100000111100010010110100000100111011001
0010110101000110010000101100001010011101110000101110011001010001
0011100101100010011000001101101001011001010001101000000000110010
1110001000000000100101100101011110010111110000011111010001011110
1011000101101000101001111110111010001110000010111011100101110001
1000011100110111101000111001111101010111011110101101011010011111
1100100001010101111100000100111111000101011110010000000101011101
0101000010110000010100001011011111010101001110100000010001010001
1000100000101010010001010110010101010000010001001100110000000101
0100100000110000110010111110101111100100110001100001110011000000
0100010111001111101111111100111110100101000010001101000001100101
1011000110010101000111110001011111100000111111011101101010011011
1001011100111000111101111000011100001101010111011011000110001100
1001000000101100010011101101111111111100111011101100100001011100
1000100111100110011001110111100100011011010010011110111001011010
0001000010001001101011100010111011010100111011001101010010001011
1101001000101010000110000101111101010101100101010111010101001000
1010010111000100101010011100011110110100000111001001111001010101
0010111000010011101101010101000100101110110101000111010111011101
